"","ISO3","Prediction","RunNo"
"1","BHS",0.694423169074511,"1"
"2","CUB",0.868810562207669,"1"
"3","DOM",0.284524211502521,"1"
"4","HTI",0.198804341403855,"1"
"5","JAM",0.0665112126068377,"1"
"6","MEX",0.790405418869363,"1"
"7","BRN",0.0770927283449306,"1"
"8","CHN",0.206612903762353,"1"
"9","KEN",0.410020975746437,"1"
"10","MMR",0.518245565997521,"1"
"11","LKA",0.787055342721623,"1"
"12","TWN",0.178579396143021,"1"
"13","TZA",0.863089691910066,"1"
"14","TLS",0.169090802929507,"1"
"15","VNM",0.321233719671294,"1"
"16","SLV",0.182568207371037,"1"
"17","KHM",0.138154521818687,"1"
"18","CHN",0.206233198154908,"1"
"19","JPN",0.208286086276056,"1"
"20","KOR",0.2884778837032,"1"
"21","OMN",0.149441866246834,"1"
"22","SGP",0.150659975779169,"1"
"23","SOM",0.669528058507514,"1"
"24","TWN",0.171127908536655,"1"
"25","THA",0.228959778907673,"1"
"26","TLS",0.183603134418858,"1"
"27","YEM",0.587862652695104,"1"
"28","BGD",0.670685572315443,"1"
"29","BRN",0.201549048486374,"1"
"30","KHM",0.18847101652887,"1"
"31","CHN",0.222625781967445,"1"
"32","DJI",0.159531533551541,"1"
"33","EGY",0.333451893300488,"1"
"34","IND",0.549495203534453,"1"
"35","IRN",0.390684764373029,"1"
"36","IRQ",0.17188215584932,"1"
"37","KWT",0.608988219654815,"1"
"38","MDG",0.838292999844372,"1"
"39","MMR",0.614105718542626,"1"
"40","SGP",0.17322406336006,"1"
"41","SOM",0.678041280307014,"1"
"42","LKA",0.774064659800517,"1"
"43","TWN",0.176941921002334,"1"
"44","TZA",0.856813181476432,"1"
"45","TLS",0.714486407308498,"1"
"46","VNM",0.34845637116872,"1"
"47","YEM",0.594166506162533,"1"
"48","SLB",0.751770702328159,"1"
"49","BRA",0.79291259323571,"1"
"50","COL",0.846257220885245,"1"
"51","CRI",0.501829217591473,"1"
"52","DOM",0.305827185442098,"1"
"53","GUF",0.684069809295313,"1"
"54","GIN",0.179169537033995,"1"
"55","GUY",0.305924107371888,"1"
"56","HTI",0.188754480751159,"1"
"57","PAN",0.811700370506292,"1"
"58","SUR",0.723802908379414,"1"
"59","VEN",0.364457833775536,"1"
"60","BHS",0.741423987329859,"13"
"61","CUB",0.895775004042787,"13"
"62","DOM",0.280849722366738,"13"
"63","HTI",0.196314510349809,"13"
"64","JAM",0.0568830096579441,"13"
"65","MEX",0.795383001888073,"13"
"66","BRN",0.0717439170565538,"13"
"67","CHN",0.198042676289221,"13"
"68","KEN",0.394977413511414,"13"
"69","MMR",0.522796376095406,"13"
"70","LKA",0.780078368337409,"13"
"71","TWN",0.155841224074415,"13"
"72","TZA",0.875832804768997,"13"
"73","TLS",0.159936817278167,"13"
"74","VNM",0.324094008274239,"13"
"75","SLV",0.185000050026936,"13"
"76","KHM",0.131616748330539,"13"
"77","CHN",0.198373341324404,"13"
"78","JPN",0.199946667999048,"13"
"79","KOR",0.275458307398124,"13"
"80","OMN",0.158564618216471,"13"
"81","SGP",0.1413161910464,"13"
"82","SOM",0.686112107616044,"13"
"83","TWN",0.147741983115148,"13"
"84","THA",0.220075719799822,"13"
"85","TLS",0.168529773028195,"13"
"86","YEM",0.594110062651086,"13"
"87","BGD",0.692302397576743,"13"
"88","BRN",0.193602711992944,"13"
"89","KHM",0.184833659531543,"13"
"90","CHN",0.219028368140866,"13"
"91","DJI",0.161827014238931,"13"
"92","EGY",0.275323044874728,"13"
"93","IND",0.560011581747267,"13"
"94","IRN",0.396233749347043,"13"
"95","IRQ",0.187244844730392,"13"
"96","KWT",0.637876107570843,"13"
"97","MDG",0.856845921958589,"13"
"98","MMR",0.601712059018064,"13"
"99","SGP",0.165037405176971,"13"
"100","SOM",0.691423869441689,"13"
"101","LKA",0.767705845478261,"13"
"102","TWN",0.157443075374174,"13"
"103","TZA",0.862862598395474,"13"
"104","TLS",0.725445943109625,"13"
"105","VNM",0.346853893184703,"13"
"106","YEM",0.6052999879137,"13"
"107","SLB",0.751205700085407,"13"
"108","BRA",0.806196115007958,"13"
"109","COL",0.88256991282727,"13"
"110","CRI",0.56626577488295,"13"
"111","DOM",0.290091046075057,"13"
"112","GUF",0.706918790313679,"13"
"113","GIN",0.154618470493391,"13"
"114","GUY",0.297317864476496,"13"
"115","HTI",0.186816153016617,"13"
"116","PAN",0.833138213797608,"13"
"117","SUR",0.741067084388006,"13"
"118","VEN",0.359055673839676,"13"
"119","BHS",0.722709030503668,"23"
"120","CUB",0.877742533526702,"23"
"121","DOM",0.270754786853125,"23"
"122","HTI",0.196437707008347,"23"
"123","JAM",0.0792366217780422,"23"
"124","MEX",0.780921763842208,"23"
"125","BRN",0.0960465784194965,"23"
"126","CHN",0.201986722831321,"23"
"127","KEN",0.408942756004518,"23"
"128","MMR",0.523834346659702,"23"
"129","LKA",0.725945305139251,"23"
"130","TWN",0.193677174997975,"23"
"131","TZA",0.857696888219955,"23"
"132","TLS",0.159052199142579,"23"
"133","VNM",0.330212917689144,"23"
"134","SLV",0.181371439926839,"23"
"135","KHM",0.148459340613336,"23"
"136","CHN",0.202160995253628,"23"
"137","JPN",0.222730311615247,"23"
"138","KOR",0.302309956958608,"23"
"139","OMN",0.161545881943684,"23"
"140","SGP",0.159946195536068,"23"
"141","SOM",0.658154319088095,"23"
"142","TWN",0.181003856475668,"23"
"143","THA",0.237942644473199,"23"
"144","TLS",0.178265100369047,"23"
"145","YEM",0.574917261831546,"23"
"146","BGD",0.658008938703316,"23"
"147","BRN",0.221323572561564,"23"
"148","KHM",0.195710448034818,"23"
"149","CHN",0.217159754069376,"23"
"150","DJI",0.152324884229965,"23"
"151","EGY",0.389738449034345,"23"
"152","IND",0.515076013794356,"23"
"153","IRN",0.368973414868909,"23"
"154","IRQ",0.186620530140062,"23"
"155","KWT",0.628599812264382,"23"
"156","MDG",0.841171877735288,"23"
"157","MMR",0.586953399683378,"23"
"158","SGP",0.175868790434995,"23"
"159","SOM",0.661519114074514,"23"
"160","LKA",0.708021550334939,"23"
"161","TWN",0.186479490039773,"23"
"162","TZA",0.844928615784667,"23"
"163","TLS",0.694031171252093,"23"
"164","VNM",0.346218955992487,"23"
"165","YEM",0.578453361073727,"23"
"166","SLB",0.724705094781382,"23"
"167","BRA",0.770696166110739,"23"
"168","COL",0.840591452770132,"23"
"169","CRI",0.468111487904199,"23"
"170","DOM",0.29567468711087,"23"
"171","GUF",0.675077531538162,"23"
"172","GIN",0.185273609703111,"23"
"173","GUY",0.35626989934196,"23"
"174","HTI",0.188238349597896,"23"
"175","PAN",0.793464408743898,"23"
"176","SUR",0.715160926582249,"23"
"177","VEN",0.378452948124488,"23"
"178","BHS",0.777969073347934,"32"
"179","CUB",0.919810795119268,"32"
"180","DOM",0.294597642958857,"32"
"181","HTI",0.190250155026925,"32"
"182","JAM",0.0409812345881188,"32"
"183","MEX",0.833866748664123,"32"
"184","BRN",0.0550857695410087,"32"
"185","CHN",0.16762609321356,"32"
"186","KEN",0.414898807458926,"32"
"187","MMR",0.50246191406646,"32"
"188","LKA",0.849179006233976,"32"
"189","TWN",0.136488545261859,"32"
"190","TZA",0.906912512620099,"32"
"191","TLS",0.128076932859083,"32"
"192","VNM",0.303753221982636,"32"
"193","SLV",0.130228073687376,"32"
"194","KHM",0.107305007863103,"32"
"195","CHN",0.166315351120722,"32"
"196","JPN",0.155100964436698,"32"
"197","KOR",0.270959534514486,"32"
"198","OMN",0.149996067389153,"32"
"199","SGP",0.10283956795642,"32"
"200","SOM",0.747492207168596,"32"
"201","TWN",0.124603135262504,"32"
"202","THA",0.182963825369706,"32"
"203","TLS",0.150637824120654,"32"
"204","YEM",0.655716547617626,"32"
"205","BGD",0.716169915438715,"32"
"206","BRN",0.148805838981289,"32"
"207","KHM",0.15535448744975,"32"
"208","CHN",0.184739676065027,"32"
"209","DJI",0.140093742500961,"32"
"210","EGY",0.210583273959255,"32"
"211","IND",0.602629414444583,"32"
"212","IRN",0.37356944411439,"32"
"213","IRQ",0.166576911655921,"32"
"214","KWT",0.683281252069051,"32"
"215","MDG",0.883395325181123,"32"
"216","MMR",0.63096530149134,"32"
"217","SGP",0.118869488593339,"32"
"218","SOM",0.738934197442027,"32"
"219","LKA",0.83193095144858,"32"
"220","TWN",0.125654806026997,"32"
"221","TZA",0.893104380540252,"32"
"222","TLS",0.76210145913876,"32"
"223","VNM",0.319047172032072,"32"
"224","YEM",0.641152062684524,"32"
"225","SLB",0.764818175382717,"32"
"226","BRA",0.84940150686939,"32"
"227","COL",0.893053481011484,"32"
"228","CRI",0.634502802910691,"32"
"229","DOM",0.309427007393871,"32"
"230","GUF",0.719286148112838,"32"
"231","GIN",0.11231717003885,"32"
"232","GUY",0.202839891911918,"32"
"233","HTI",0.175590360800127,"32"
"234","PAN",0.861316040869672,"32"
"235","SUR",0.733952693876217,"32"
"236","VEN",0.359211015787293,"32"
"237","BHS",0.731229303426007,"42"
"238","CUB",0.92964149274437,"42"
"239","DOM",0.32821748216149,"42"
"240","HTI",0.203339961098802,"42"
"241","JAM",0.0425403642226883,"42"
"242","MEX",0.841414719053278,"42"
"243","BRN",0.0489442883649509,"42"
"244","CHN",0.177519035354418,"42"
"245","KEN",0.445281456878694,"42"
"246","MMR",0.522367353234785,"42"
"247","LKA",0.857279985538164,"42"
"248","TWN",0.125068623736343,"42"
"249","TZA",0.899462688954507,"42"
"250","TLS",0.14607202349715,"42"
"251","VNM",0.31999488690922,"42"
"252","SLV",0.148799735541091,"42"
"253","KHM",0.114926028109195,"42"
"254","CHN",0.17668551183304,"42"
"255","JPN",0.164227886133563,"42"
"256","KOR",0.289927464996709,"42"
"257","OMN",0.145929473547907,"42"
"258","SGP",0.105945762296578,"42"
"259","SOM",0.70610781508654,"42"
"260","TWN",0.12078503995355,"42"
"261","THA",0.193544389846473,"42"
"262","TLS",0.153566071493465,"42"
"263","YEM",0.653469556150938,"42"
"264","BGD",0.725280531585479,"42"
"265","BRN",0.124236251320135,"42"
"266","KHM",0.160782107711539,"42"
"267","CHN",0.194376934912889,"42"
"268","DJI",0.162342644327216,"42"
"269","EGY",0.209157844336265,"42"
"270","IND",0.594643010332713,"42"
"271","IRN",0.384388184826089,"42"
"272","IRQ",0.205853364715331,"42"
"273","KWT",0.668989287377732,"42"
"274","MDG",0.882874069644297,"42"
"275","MMR",0.651688863638688,"42"
"276","SGP",0.124109212904267,"42"
"277","SOM",0.70241084845709,"42"
"278","LKA",0.840465462834462,"42"
"279","TWN",0.123242203855527,"42"
"280","TZA",0.888981403773169,"42"
"281","TLS",0.742570551155393,"42"
"282","VNM",0.33781530173219,"42"
"283","YEM",0.65599200463617,"42"
"284","SLB",0.749383941451466,"42"
"285","BRA",0.830385215970007,"42"
"286","COL",0.88302239780399,"42"
"287","CRI",0.664566367011433,"42"
"288","DOM",0.3251149061763,"42"
"289","GUF",0.708479425330788,"42"
"290","GIN",0.131804249276129,"42"
"291","GUY",0.201880902554801,"42"
"292","HTI",0.187827931688554,"42"
"293","PAN",0.860215928624626,"42"
"294","SUR",0.748803686649744,"42"
"295","VEN",0.365143797884152,"42"
"296","BHS",0.782594900599974,"54"
"297","CUB",0.94246362793536,"54"
"298","DOM",0.258646234869197,"54"
"299","HTI",0.178167143372537,"54"
"300","JAM",0.0343413151848423,"54"
"301","MEX",0.853802778580504,"54"
"302","BRN",0.0435675574866325,"54"
"303","CHN",0.157526086364696,"54"
"304","KEN",0.444148432113074,"54"
"305","MMR",0.564436004772832,"54"
"306","LKA",0.885601812652706,"54"
"307","TWN",0.130907555710092,"54"
"308","TZA",0.927891598821366,"54"
"309","TLS",0.106706435609167,"54"
"310","VNM",0.30322072556645,"54"
"311","SLV",0.113033293323317,"54"
"312","KHM",0.104450428424827,"54"
"313","CHN",0.159634618273216,"54"
"314","JPN",0.161269305744378,"54"
"315","KOR",0.277561188562284,"54"
"316","OMN",0.135988773738754,"54"
"317","SGP",0.0720479881337888,"54"
"318","SOM",0.749154070372202,"54"
"319","TWN",0.119213686370707,"54"
"320","THA",0.162267936774419,"54"
"321","TLS",0.125170854153639,"54"
"322","YEM",0.650646425114986,"54"
"323","BGD",0.740106075796076,"54"
"324","BRN",0.144037213932621,"54"
"325","KHM",0.16370900432484,"54"
"326","CHN",0.182910512224111,"54"
"327","DJI",0.118795711190849,"54"
"328","EGY",0.178396885036404,"54"
"329","IND",0.628275886392961,"54"
"330","IRN",0.363932708707086,"54"
"331","IRQ",0.196115085653653,"54"
"332","KWT",0.770942226110369,"54"
"333","MDG",0.905444765444134,"54"
"334","MMR",0.688576944494284,"54"
"335","SGP",0.090265333071831,"54"
"336","SOM",0.757439991947358,"54"
"337","LKA",0.870244751173212,"54"
"338","TWN",0.120296247543001,"54"
"339","TZA",0.912435736574417,"54"
"340","TLS",0.777944510452824,"54"
"341","VNM",0.333096990266383,"54"
"342","YEM",0.67526805442099,"54"
"343","SLB",0.775589348892043,"54"
"344","BRA",0.859913027601732,"54"
"345","COL",0.893510134078389,"54"
"346","CRI",0.637353105163693,"54"
"347","DOM",0.277480626434341,"54"
"348","GUF",0.765663174681855,"54"
"349","GIN",0.0942643274095563,"54"
"350","GUY",0.225747656887319,"54"
"351","HTI",0.169498222176326,"54"
"352","PAN",0.901035211055117,"54"
"353","SUR",0.794298274799694,"54"
"354","VEN",0.349422554831224,"54"
"355","BHS",0.783728482530297,"68"
"356","CUB",0.944708797939932,"68"
"357","DOM",0.279530977223001,"68"
"358","HTI",0.210541256464871,"68"
"359","JAM",0.0321637522669129,"68"
"360","MEX",0.866428362348286,"68"
"361","BRN",0.0385067825153724,"68"
"362","CHN",0.135690765159156,"68"
"363","KEN",0.454959662852478,"68"
"364","MMR",0.58622121018176,"68"
"365","LKA",0.906885622757533,"68"
"366","TWN",0.121765601774903,"68"
"367","TZA",0.925932806564493,"68"
"368","TLS",0.13147276574235,"68"
"369","VNM",0.296806187470234,"68"
"370","SLV",0.108942742428209,"68"
"371","KHM",0.0892930792883986,"68"
"372","CHN",0.136640052384888,"68"
"373","JPN",0.138866051196166,"68"
"374","KOR",0.244316953855945,"68"
"375","OMN",0.14214174493538,"68"
"376","SGP",0.0833829641820948,"68"
"377","SOM",0.754998827802778,"68"
"378","TWN",0.112678556171242,"68"
"379","THA",0.155345314730541,"68"
"380","TLS",0.144607783599864,"68"
"381","YEM",0.664120644997787,"68"
"382","BGD",0.758293850059802,"68"
"383","BRN",0.127303196120395,"68"
"384","KHM",0.151138650241265,"68"
"385","CHN",0.161142155435301,"68"
"386","DJI",0.145816265304527,"68"
"387","EGY",0.1731092352016,"68"
"388","IND",0.620573598292735,"68"
"389","IRN",0.408269710852193,"68"
"390","IRQ",0.181875608764654,"68"
"391","KWT",0.74146779679428,"68"
"392","MDG",0.906833260986265,"68"
"393","MMR",0.70621928351288,"68"
"394","SGP",0.110247265560966,"68"
"395","SOM",0.762848089949281,"68"
"396","LKA",0.898800191987206,"68"
"397","TWN",0.118392859535844,"68"
"398","TZA",0.912268649225699,"68"
"399","TLS",0.802858061326814,"68"
"400","VNM",0.329104162786386,"68"
"401","YEM",0.682644338807575,"68"
"402","SLB",0.771109880605239,"68"
"403","BRA",0.869636098399701,"68"
"404","COL",0.906763988374922,"68"
"405","CRI",0.695371806264029,"68"
"406","DOM",0.290654745722215,"68"
"407","GUF",0.744426162939743,"68"
"408","GIN",0.0846112346375618,"68"
"409","GUY",0.165625809309028,"68"
"410","HTI",0.191543734782891,"68"
"411","PAN",0.90057141967412,"68"
"412","SUR",0.798790162702172,"68"
"413","VEN",0.330994062583655,"68"
"414","BHS",0.759570566217025,"78"
"415","CUB",0.932379694054021,"78"
"416","DOM",0.278155410972149,"78"
"417","HTI",0.165920595840548,"78"
"418","JAM",0.0385301994345397,"78"
"419","MEX",0.841398761899509,"78"
"420","BRN",0.0422332319765357,"78"
"421","CHN",0.159735685026289,"78"
"422","KEN",0.402698613210715,"78"
"423","MMR",0.535628279385001,"78"
"424","LKA",0.867595607835453,"78"
"425","TWN",0.135592751138408,"78"
"426","TZA",0.899711154432583,"78"
"427","TLS",0.113603038446437,"78"
"428","VNM",0.300773130180487,"78"
"429","SLV",0.120324071820784,"78"
"430","KHM",0.100364318011762,"78"
"431","CHN",0.158170790320175,"78"
"432","JPN",0.156635593129577,"78"
"433","KOR",0.2613798932217,"78"
"434","OMN",0.135745645168217,"78"
"435","SGP",0.0873065439891894,"78"
"436","SOM",0.730765468907641,"78"
"437","TWN",0.125238180874365,"78"
"438","THA",0.168121985175165,"78"
"439","TLS",0.123037312025079,"78"
"440","YEM",0.65461113130105,"78"
"441","BGD",0.745873111191874,"78"
"442","BRN",0.141306927061694,"78"
"443","KHM",0.161091546913436,"78"
"444","CHN",0.184068942674208,"78"
"445","DJI",0.126476228673338,"78"
"446","EGY",0.23082189575207,"78"
"447","IND",0.609319763578173,"78"
"448","IRN",0.393873823625134,"78"
"449","IRQ",0.18262165156698,"78"
"450","KWT",0.703836654115221,"78"
"451","MDG",0.901328711476224,"78"
"452","MMR",0.662586262620008,"78"
"453","SGP",0.108622400556689,"78"
"454","SOM",0.739306851378094,"78"
"455","LKA",0.857233912200756,"78"
"456","TWN",0.136497958117058,"78"
"457","TZA",0.887496814534646,"78"
"458","TLS",0.75435990201601,"78"
"459","VNM",0.328125764706527,"78"
"460","YEM",0.659813692597892,"78"
"461","SLB",0.751980438013817,"78"
"462","BRA",0.849582169267367,"78"
"463","COL",0.892480897657202,"78"
"464","CRI",0.665034574253259,"78"
"465","DOM",0.273647019551277,"78"
"466","GUF",0.70100116016416,"78"
"467","GIN",0.120742603289383,"78"
"468","GUY",0.220328425631824,"78"
"469","HTI",0.151408973929575,"78"
"470","PAN",0.866399380735262,"78"
"471","SUR",0.764728358099163,"78"
"472","VEN",0.378771640050548,"78"
"473","BHS",0.754162297341612,"89"
"474","CUB",0.891201627448633,"89"
"475","DOM",0.285944892594624,"89"
"476","HTI",0.182352025816252,"89"
"477","JAM",0.0533441393797351,"89"
"478","MEX",0.815487054065294,"89"
"479","BRN",0.0695762550334974,"89"
"480","CHN",0.185802864854156,"89"
"481","KEN",0.394556405614582,"89"
"482","MMR",0.555875745532957,"89"
"483","LKA",0.837171137443364,"89"
"484","TWN",0.17144808869612,"89"
"485","TZA",0.880295107877866,"89"
"486","TLS",0.136743974190258,"89"
"487","VNM",0.3241429203543,"89"
"488","SLV",0.157934403898017,"89"
"489","KHM",0.12969466561465,"89"
"490","CHN",0.186766592046998,"89"
"491","JPN",0.206472725502369,"89"
"492","KOR",0.319075712201286,"89"
"493","OMN",0.144316732354604,"89"
"494","SGP",0.118669069161382,"89"
"495","SOM",0.701813992008138,"89"
"496","TWN",0.158983869354814,"89"
"497","THA",0.222758445398079,"89"
"498","TLS",0.153154884086765,"89"
"499","YEM",0.602778178330868,"89"
"500","BGD",0.705298191358714,"89"
"501","BRN",0.192236472917271,"89"
"502","KHM",0.183349482713714,"89"
"503","CHN",0.198421765590599,"89"
"504","DJI",0.143445438160235,"89"
"505","EGY",0.248130467456152,"89"
"506","IND",0.573721214338132,"89"
"507","IRN",0.375601214637357,"89"
"508","IRQ",0.174797321156867,"89"
"509","KWT",0.664082905901263,"89"
"510","MDG",0.865136545393543,"89"
"511","MMR",0.629591612609654,"89"
"512","SGP",0.131404942684913,"89"
"513","SOM",0.700135667340263,"89"
"514","LKA",0.799078123317692,"89"
"515","TWN",0.149027945775574,"89"
"516","TZA",0.863104609794878,"89"
"517","TLS",0.734930074592735,"89"
"518","VNM",0.343420833399138,"89"
"519","YEM",0.607088339806954,"89"
"520","SLB",0.756434724348309,"89"
"521","BRA",0.811790264640681,"89"
"522","COL",0.872464655292725,"89"
"523","CRI",0.57054845518008,"89"
"524","DOM",0.290145984858912,"89"
"525","GUF",0.710084736165381,"89"
"526","GIN",0.143018836478452,"89"
"527","GUY",0.25287457444454,"89"
"528","HTI",0.166920288967992,"89"
"529","PAN",0.856860818437552,"89"
"530","SUR",0.733548917955401,"89"
"531","VEN",0.372187244589886,"89"
"532","BHS",0.747860153104405,"99"
"533","CUB",0.922920244882056,"99"
"534","DOM",0.269498293781153,"99"
"535","HTI",0.176745360474839,"99"
"536","JAM",0.0405068570436947,"99"
"537","MEX",0.828891067689281,"99"
"538","BRN",0.0456899148185623,"99"
"539","CHN",0.17599181985024,"99"
"540","KEN",0.446321307328067,"99"
"541","MMR",0.5476024137463,"99"
"542","LKA",0.860472495108657,"99"
"543","TWN",0.131422829643329,"99"
"544","TZA",0.900948837036039,"99"
"545","TLS",0.122470752108299,"99"
"546","VNM",0.31439503854787,"99"
"547","SLV",0.140004845330913,"99"
"548","KHM",0.0982989062552848,"99"
"549","CHN",0.175542591681713,"99"
"550","JPN",0.142449256188906,"99"
"551","KOR",0.253782072494955,"99"
"552","OMN",0.154586069141433,"99"
"553","SGP",0.1010617342943,"99"
"554","SOM",0.731741671975731,"99"
"555","TWN",0.124121959029588,"99"
"556","THA",0.182688722139831,"99"
"557","TLS",0.133258846379535,"99"
"558","YEM",0.633536297274814,"99"
"559","BGD",0.735135725575904,"99"
"560","BRN",0.152920378868101,"99"
"561","KHM",0.157282749558172,"99"
"562","CHN",0.190212140868776,"99"
"563","DJI",0.132287300749908,"99"
"564","EGY",0.237521250805951,"99"
"565","IND",0.607146161217501,"99"
"566","IRN",0.382405797407904,"99"
"567","IRQ",0.187122576599241,"99"
"568","KWT",0.704838977313759,"99"
"569","MDG",0.882598873557344,"99"
"570","MMR",0.664802940483433,"99"
"571","SGP",0.119623361136933,"99"
"572","SOM",0.738466335367364,"99"
"573","LKA",0.839625055001836,"99"
"574","TWN",0.119587980721539,"99"
"575","TZA",0.888197989236013,"99"
"576","TLS",0.754894014795203,"99"
"577","VNM",0.340630718817283,"99"
"578","YEM",0.648657627240352,"99"
"579","SLB",0.772140862103834,"99"
"580","BRA",0.845731436289875,"99"
"581","COL",0.891777829583396,"99"
"582","CRI",0.642373037087267,"99"
"583","DOM",0.275193956855137,"99"
"584","GUF",0.737324955762733,"99"
"585","GIN",0.124697013320982,"99"
"586","GUY",0.230303146555893,"99"
"587","HTI",0.164668443794688,"99"
"588","PAN",0.870993520973941,"99"
"589","SUR",0.74491337528955,"99"
"590","VEN",0.381267392807732,"99"
"591","BHS",0.729872821761869,"109"
"592","CUB",0.90261822830739,"109"
"593","DOM",0.296356629106577,"109"
"594","HTI",0.194166909816045,"109"
"595","JAM",0.0618607374096356,"109"
"596","MEX",0.772452490020747,"109"
"597","BRN",0.0752391704881451,"109"
"598","CHN",0.190696352499449,"109"
"599","KEN",0.432280151653061,"109"
"600","MMR",0.535495886432592,"109"
"601","LKA",0.797575308215066,"109"
"602","TWN",0.141152151891923,"109"
"603","TZA",0.873528415076307,"109"
"604","TLS",0.166173052824551,"109"
"605","VNM",0.342206078253056,"109"
"606","SLV",0.176107531283123,"109"
"607","KHM",0.128151957619297,"109"
"608","CHN",0.192251224730255,"109"
"609","JPN",0.172934848963894,"109"
"610","KOR",0.256667150453873,"109"
"611","OMN",0.149370875762479,"109"
"612","SGP",0.147131155261142,"109"
"613","SOM",0.685849003885874,"109"
"614","TWN",0.131765683275393,"109"
"615","THA",0.210371243548191,"109"
"616","TLS",0.189127117837776,"109"
"617","YEM",0.586007169532579,"109"
"618","BGD",0.682443234684453,"109"
"619","BRN",0.189938537593423,"109"
"620","KHM",0.178068894611417,"109"
"621","CHN",0.204440177357418,"109"
"622","DJI",0.147405723417694,"109"
"623","EGY",0.27776542929797,"109"
"624","IND",0.572884142734179,"109"
"625","IRN",0.381022538430171,"109"
"626","IRQ",0.168311529930118,"109"
"627","KWT",0.625801286652377,"109"
"628","MDG",0.862429904519734,"109"
"629","MMR",0.629318540731208,"109"
"630","SGP",0.162667017926173,"109"
"631","SOM",0.690113979340724,"109"
"632","LKA",0.775363518211893,"109"
"633","TWN",0.13205531474059,"109"
"634","TZA",0.863423026457479,"109"
"635","TLS",0.731301832171779,"109"
"636","VNM",0.363530673030935,"109"
"637","YEM",0.58988043147908,"109"
"638","SLB",0.752300647638151,"109"
"639","BRA",0.793322327209052,"109"
"640","COL",0.862052448667954,"109"
"641","CRI",0.536161583111626,"109"
"642","DOM",0.31362182864075,"109"
"643","GUF",0.702621526689162,"109"
"644","GIN",0.159164339568802,"109"
"645","GUY",0.271357879328441,"109"
"646","HTI",0.179305417172367,"109"
"647","PAN",0.828384002077955,"109"
"648","SUR",0.728109773623196,"109"
"649","VEN",0.376521327743351,"109"
"650","BHS",0.731030433465305,"119"
"651","CUB",0.879401576949619,"119"
"652","DOM",0.293904097820919,"119"
"653","HTI",0.196998822618662,"119"
"654","JAM",0.0682576060082266,"119"
"655","MEX",0.770935249609853,"119"
"656","BRN",0.0778486201792896,"119"
"657","CHN",0.198375218158254,"119"
"658","KEN",0.413942686340786,"119"
"659","MMR",0.531057470743348,"119"
"660","LKA",0.769728818397258,"119"
"661","TWN",0.168172023916713,"119"
"662","TZA",0.867125354505774,"119"
"663","TLS",0.178440006291374,"119"
"664","VNM",0.324270492895285,"119"
"665","SLV",0.185660889216551,"119"
"666","KHM",0.132255832691396,"119"
"667","CHN",0.199670211753053,"119"
"668","JPN",0.194051592936178,"119"
"669","KOR",0.290507737597852,"119"
"670","OMN",0.164441503965709,"119"
"671","SGP",0.15254076826173,"119"
"672","SOM",0.662878748184392,"119"
"673","TWN",0.161036813509215,"119"
"674","THA",0.233976675478887,"119"
"675","TLS",0.185139352553242,"119"
"676","YEM",0.588001787882912,"119"
"677","BGD",0.680218955875106,"119"
"678","BRN",0.190929339198141,"119"
"679","KHM",0.17377881165507,"119"
"680","CHN",0.214396703977133,"119"
"681","DJI",0.158888792078571,"119"
"682","EGY",0.303839187480175,"119"
"683","IND",0.525422335366317,"119"
"684","IRN",0.376060849232408,"119"
"685","IRQ",0.190479200580598,"119"
"686","KWT",0.616008561411771,"119"
"687","MDG",0.829834850562944,"119"
"688","MMR",0.605831283961147,"119"
"689","SGP",0.166122383199886,"119"
"690","SOM",0.667898324545271,"119"
"691","LKA",0.755019900890282,"119"
"692","TWN",0.164216493307835,"119"
"693","TZA",0.85527468953335,"119"
"694","TLS",0.724400557524134,"119"
"695","VNM",0.344740512428542,"119"
"696","YEM",0.591162598055483,"119"
"697","SLB",0.752642796169322,"119"
"698","BRA",0.778865536511616,"119"
"699","COL",0.852961813417993,"119"
"700","CRI",0.516375491109678,"119"
"701","DOM",0.292671037211133,"119"
"702","GUF",0.687271356387019,"119"
"703","GIN",0.174126569347688,"119"
"704","GUY",0.292346724524318,"119"
"705","HTI",0.189981100490717,"119"
"706","PAN",0.801861556627619,"119"
"707","SUR",0.697655461808831,"119"
"708","VEN",0.371466248786207,"119"
"709","BHS",0.744796487496741,"129"
"710","CUB",0.924957874147299,"129"
"711","DOM",0.272409378312081,"129"
"712","HTI",0.157896736385277,"129"
"713","JAM",0.0420901457886672,"129"
"714","MEX",0.842497592982436,"129"
"715","BRN",0.0498246269614898,"129"
"716","CHN",0.170615956522485,"129"
"717","KEN",0.399312139550706,"129"
"718","MMR",0.529203526540184,"129"
"719","LKA",0.875205428007272,"129"
"720","TWN",0.129783364408973,"129"
"721","TZA",0.899794679300541,"129"
"722","TLS",0.131886429347076,"129"
"723","VNM",0.327002573390419,"129"
"724","SLV",0.117955092259595,"129"
"725","KHM",0.0997115836334747,"129"
"726","CHN",0.168966931528564,"129"
"727","JPN",0.157430762721341,"129"
"728","KOR",0.285687536990528,"129"
"729","OMN",0.154284379661474,"129"
"730","SGP",0.100343492330033,"129"
"731","SOM",0.708238283778156,"129"
"732","TWN",0.116646094751325,"129"
"733","THA",0.19550751775844,"129"
"734","TLS",0.142524165501108,"129"
"735","YEM",0.637468097640805,"129"
"736","BGD",0.731945758336426,"129"
"737","BRN",0.157320368999062,"129"
"738","KHM",0.145711468151083,"129"
"739","CHN",0.183885668044946,"129"
"740","DJI",0.132288303818425,"129"
"741","EGY",0.210677700046954,"129"
"742","IND",0.585294860760595,"129"
"743","IRN",0.387823251850109,"129"
"744","IRQ",0.177107710231208,"129"
"745","KWT",0.709221655629436,"129"
"746","MDG",0.873660103902272,"129"
"747","MMR",0.636809034263902,"129"
"748","SGP",0.118638984854331,"129"
"749","SOM",0.714137844804534,"129"
"750","LKA",0.841403544116738,"129"
"751","TWN",0.116512809580488,"129"
"752","TZA",0.875399965993062,"129"
"753","TLS",0.760583300670116,"129"
"754","VNM",0.345114186290696,"129"
"755","YEM",0.648471819042551,"129"
"756","SLB",0.75745824596937,"129"
"757","BRA",0.848024894542926,"129"
"758","COL",0.88360826310842,"129"
"759","CRI",0.590592421851541,"129"
"760","DOM",0.279913557542032,"129"
"761","GUF",0.698458399088831,"129"
"762","GIN",0.126230539069222,"129"
"763","GUY",0.229250334301704,"129"
"764","HTI",0.146697415224051,"129"
"765","PAN",0.875656175533374,"129"
"766","SUR",0.755770730605358,"129"
"767","VEN",0.40323334439278,"129"
"768","BHS",0.761915807771229,"139"
"769","CUB",0.918610534408513,"139"
"770","DOM",0.275129563299725,"139"
"771","HTI",0.173257448578678,"139"
"772","JAM",0.0438762205231891,"139"
"773","MEX",0.842010565324219,"139"
"774","BRN",0.0471160728544042,"139"
"775","CHN",0.159671628790286,"139"
"776","KEN",0.406054393860601,"139"
"777","MMR",0.569677757354373,"139"
"778","LKA",0.862616159113425,"139"
"779","TWN",0.138949762589831,"139"
"780","TZA",0.89849336390293,"139"
"781","TLS",0.11673008376653,"139"
"782","VNM",0.286552394475018,"139"
"783","SLV",0.132129354777677,"139"
"784","KHM",0.10525577265588,"139"
"785","CHN",0.160957129979341,"139"
"786","JPN",0.159848872272027,"139"
"787","KOR",0.246804951779087,"139"
"788","OMN",0.13561171668075,"139"
"789","SGP",0.0917317179454839,"139"
"790","SOM",0.744064632374594,"139"
"791","TWN",0.127588604575668,"139"
"792","THA",0.179043973976997,"139"
"793","TLS",0.128424880132963,"139"
"794","YEM",0.637843865081772,"139"
"795","BGD",0.738665652190495,"139"
"796","BRN",0.168439792339741,"139"
"797","KHM",0.172477320983609,"139"
"798","CHN",0.187572253294562,"139"
"799","DJI",0.138176524867636,"139"
"800","EGY",0.248411237899235,"139"
"801","IND",0.575456892331516,"139"
"802","IRN",0.368868852412336,"139"
"803","IRQ",0.183527744444782,"139"
"804","KWT",0.685960924176815,"139"
"805","MDG",0.884874561750215,"139"
"806","MMR",0.654538436732399,"139"
"807","SGP",0.123292160076402,"139"
"808","SOM",0.754238361247738,"139"
"809","LKA",0.859949950968869,"139"
"810","TWN",0.145043429857423,"139"
"811","TZA",0.8918726084806,"139"
"812","TLS",0.758397009650428,"139"
"813","VNM",0.313223098480481,"139"
"814","YEM",0.647549303121988,"139"
"815","SLB",0.735427236154552,"139"
"816","BRA",0.852913461707595,"139"
"817","COL",0.88700773250827,"139"
"818","CRI",0.649690140127028,"139"
"819","DOM",0.288546209040364,"139"
"820","GUF",0.718644028988547,"139"
"821","GIN",0.122328795176171,"139"
"822","GUY",0.206827375659606,"139"
"823","HTI",0.168807581045847,"139"
"824","PAN",0.875513658341817,"139"
"825","SUR",0.774191659432556,"139"
"826","VEN",0.368733289896852,"139"
"827","BHS",0.74445663588911,"149"
"828","CUB",0.901689888183841,"149"
"829","DOM",0.287127080737125,"149"
"830","HTI",0.197026551067954,"149"
"831","JAM",0.0550340456108302,"149"
"832","MEX",0.822525294175977,"149"
"833","BRN",0.0573723985577053,"149"
"834","CHN",0.185556326347001,"149"
"835","KEN",0.389482543994446,"149"
"836","MMR",0.544143771228295,"149"
"837","LKA",0.817470943888875,"149"
"838","TWN",0.147222162089288,"149"
"839","TZA",0.891396359950174,"149"
"840","TLS",0.155203598607473,"149"
"841","VNM",0.31490126789395,"149"
"842","SLV",0.145335494037368,"149"
"843","KHM",0.11575833159821,"149"
"844","CHN",0.184661405209209,"149"
"845","JPN",0.178201115636564,"149"
"846","KOR",0.272319521057486,"149"
"847","OMN",0.13139349338163,"149"
"848","SGP",0.127044399503324,"149"
"849","SOM",0.686985343586143,"149"
"850","TWN",0.136872820924665,"149"
"851","THA",0.195043995685764,"149"
"852","TLS",0.169907532985212,"149"
"853","YEM",0.612505729647719,"149"
"854","BGD",0.703407071340569,"149"
"855","BRN",0.172983536606342,"149"
"856","KHM",0.172633462228917,"149"
"857","CHN",0.196715504677665,"149"
"858","DJI",0.142967880897912,"149"
"859","EGY",0.247743152686293,"149"
"860","IND",0.562276873970648,"149"
"861","IRN",0.377821116407433,"149"
"862","IRQ",0.175288729695535,"149"
"863","KWT",0.618499936126697,"149"
"864","MDG",0.865747991558096,"149"
"865","MMR",0.653381728808984,"149"
"866","SGP",0.148573724670601,"149"
"867","SOM",0.697898447809957,"149"
"868","LKA",0.791584030433285,"149"
"869","TWN",0.132494926283582,"149"
"870","TZA",0.878336324663491,"149"
"871","TLS",0.742224783236156,"149"
"872","VNM",0.332359248717122,"149"
"873","YEM",0.632320284600799,"149"
"874","SLB",0.759742210920232,"149"
"875","BRA",0.813342715502476,"149"
"876","COL",0.883408212901318,"149"
"877","CRI",0.568665705833059,"149"
"878","DOM",0.303560921059271,"149"
"879","GUF",0.726877361653242,"149"
"880","GIN",0.143947779862149,"149"
"881","GUY",0.265785975503362,"149"
"882","HTI",0.188286927748135,"149"
"883","PAN",0.856597020987876,"149"
"884","SUR",0.745986019134578,"149"
"885","VEN",0.377245158483171,"149"
"886","BHS",0.73486481702313,"159"
"887","CUB",0.889993227950874,"159"
"888","DOM",0.30087032296865,"159"
"889","HTI",0.191651900518396,"159"
"890","JAM",0.0587149585093307,"159"
"891","MEX",0.800490523987007,"159"
"892","BRN",0.0703916237351361,"159"
"893","CHN",0.192612225347006,"159"
"894","KEN",0.415018831732906,"159"
"895","MMR",0.515253003803805,"159"
"896","LKA",0.795731289896359,"159"
"897","TWN",0.156289932935214,"159"
"898","TZA",0.867820405559419,"159"
"899","TLS",0.146326924638472,"159"
"900","VNM",0.348274511037022,"159"
"901","SLV",0.164858103497872,"159"
"902","KHM",0.11861274678735,"159"
"903","CHN",0.193863015391302,"159"
"904","JPN",0.171350777045191,"159"
"905","KOR",0.277560651170264,"159"
"906","OMN",0.142027765300272,"159"
"907","SGP",0.13306138306262,"159"
"908","SOM",0.673139723542347,"159"
"909","TWN",0.15049014525935,"159"
"910","THA",0.224128783955823,"159"
"911","TLS",0.160144938250953,"159"
"912","YEM",0.573950606868523,"159"
"913","BGD",0.699527734810203,"159"
"914","BRN",0.184466404683811,"159"
"915","KHM",0.169596226850563,"159"
"916","CHN",0.221265745796776,"159"
"917","DJI",0.149067497945787,"159"
"918","EGY",0.302157118209078,"159"
"919","IND",0.587267224223255,"159"
"920","IRN",0.379379053565444,"159"
"921","IRQ",0.170279383576048,"159"
"922","KWT",0.650079020897046,"159"
"923","MDG",0.866185363955792,"159"
"924","MMR",0.633179770569642,"159"
"925","SGP",0.158665475683404,"159"
"926","SOM",0.698856878588768,"159"
"927","LKA",0.788216683742717,"159"
"928","TWN",0.159413242328735,"159"
"929","TZA",0.854372605149012,"159"
"930","TLS",0.728864135654091,"159"
"931","VNM",0.382231973791332,"159"
"932","YEM",0.599215412327341,"159"
"933","SLB",0.723488571632792,"159"
"934","BRA",0.817948674953874,"159"
"935","COL",0.868868556632543,"159"
"936","CRI",0.554175096964935,"159"
"937","DOM",0.306876061656474,"159"
"938","GUF",0.678857786776832,"159"
"939","GIN",0.155620716051729,"159"
"940","GUY",0.258805032646841,"159"
"941","HTI",0.182312736803214,"159"
"942","PAN",0.832023781993374,"159"
"943","SUR",0.731498053054274,"159"
"944","VEN",0.389866098725826,"159"
"945","BHS",0.748352921230078,"169"
"946","CUB",0.918809814772217,"169"
"947","DOM",0.294350836441459,"169"
"948","HTI",0.185985994176025,"169"
"949","JAM",0.0481635521676719,"169"
"950","MEX",0.827335002148417,"169"
"951","BRN",0.0552876670427183,"169"
"952","CHN",0.177918913263021,"169"
"953","KEN",0.395188223028099,"169"
"954","MMR",0.540897658318145,"169"
"955","LKA",0.851768997538253,"169"
"956","TWN",0.162739273750825,"169"
"957","TZA",0.896178559861861,"169"
"958","TLS",0.134671357272824,"169"
"959","VNM",0.296875500627251,"169"
"960","SLV",0.144989436919713,"169"
"961","KHM",0.105080084049851,"169"
"962","CHN",0.175937207692935,"169"
"963","JPN",0.179553304041808,"169"
"964","KOR",0.276537287247575,"169"
"965","OMN",0.138326693298445,"169"
"966","SGP",0.112462836960344,"169"
"967","SOM",0.721323125925463,"169"
"968","TWN",0.150332121926876,"169"
"969","THA",0.190900826210242,"169"
"970","TLS",0.153436927453017,"169"
"971","YEM",0.614669418021741,"169"
"972","BGD",0.704436373371898,"169"
"973","BRN",0.158606362633395,"169"
"974","KHM",0.152655474427013,"169"
"975","CHN",0.191671386776001,"169"
"976","DJI",0.122402955139243,"169"
"977","EGY",0.243273352263051,"169"
"978","IND",0.584758436442337,"169"
"979","IRN",0.339825966464602,"169"
"980","IRQ",0.15588558116308,"169"
"981","KWT",0.667251592204766,"169"
"982","MDG",0.874672269317395,"169"
"983","MMR",0.639386916155372,"169"
"984","SGP",0.132617372692216,"169"
"985","SOM",0.725568367743617,"169"
"986","LKA",0.828794749977973,"169"
"987","TWN",0.150229452263857,"169"
"988","TZA",0.878825287824737,"169"
"989","TLS",0.785634945991251,"169"
"990","VNM",0.317043609285879,"169"
"991","YEM",0.623352786908012,"169"
"992","SLB",0.767518211195892,"169"
"993","BRA",0.816449362249053,"169"
"994","COL",0.883384180668011,"169"
"995","CRI",0.590590323037501,"169"
"996","DOM",0.312420216558923,"169"
"997","GUF",0.716759533886475,"169"
"998","GIN",0.148669322922903,"169"
"999","GUY",0.23044871088618,"169"
"1000","HTI",0.178636548690751,"169"
"1001","PAN",0.85586971753261,"169"
"1002","SUR",0.745887640042974,"169"
"1003","VEN",0.353714853580113,"169"
"1004","BHS",0.713708172277057,"179"
"1005","CUB",0.875512974795282,"179"
"1006","DOM",0.270355187008352,"179"
"1007","HTI",0.205549911933594,"179"
"1008","JAM",0.0760957818700638,"179"
"1009","MEX",0.777173639053629,"179"
"1010","BRN",0.0903299040768369,"179"
"1011","CHN",0.235953309343264,"179"
"1012","KEN",0.378090925544153,"179"
"1013","MMR",0.481025737299674,"179"
"1014","LKA",0.766809067773882,"179"
"1015","TWN",0.185909947661831,"179"
"1016","TZA",0.862718640829724,"179"
"1017","TLS",0.165368084398277,"179"
"1018","VNM",0.347030883885519,"179"
"1019","SLV",0.176161174050189,"179"
"1020","KHM",0.142362171295696,"179"
"1021","CHN",0.236928546136659,"179"
"1022","JPN",0.213412617252848,"179"
"1023","KOR",0.31365731901557,"179"
"1024","OMN",0.157898979055229,"179"
"1025","SGP",0.158646890848893,"179"
"1026","SOM",0.677745529354936,"179"
"1027","TWN",0.175868868453803,"179"
"1028","THA",0.241194894340776,"179"
"1029","TLS",0.17578691974313,"179"
"1030","YEM",0.602472863883921,"179"
"1031","BGD",0.648638423904201,"179"
"1032","BRN",0.226081901517395,"179"
"1033","KHM",0.17442730110948,"179"
"1034","CHN",0.239086780707861,"179"
"1035","DJI",0.148974468309486,"179"
"1036","EGY",0.341743979426307,"179"
"1037","IND",0.521186730527573,"179"
"1038","IRN",0.348815891244121,"179"
"1039","IRQ",0.177589018390661,"179"
"1040","KWT",0.634334000348469,"179"
"1041","MDG",0.82813389144351,"179"
"1042","MMR",0.572485360557996,"179"
"1043","SGP",0.161603772376127,"179"
"1044","SOM",0.665375704904638,"179"
"1045","LKA",0.731847128349149,"179"
"1046","TWN",0.16815516923609,"179"
"1047","TZA",0.840523135535606,"179"
"1048","TLS",0.704937173281365,"179"
"1049","VNM",0.354954007048906,"179"
"1050","YEM",0.587772532486612,"179"
"1051","SLB",0.762591403445392,"179"
"1052","BRA",0.774974565391479,"179"
"1053","COL",0.83269484895191,"179"
"1054","CRI",0.466802571103638,"179"
"1055","DOM",0.274557462762831,"179"
"1056","GUF",0.660932093158888,"179"
"1057","GIN",0.156844337572362,"179"
"1058","GUY",0.292196782624444,"179"
"1059","HTI",0.195454044545115,"179"
"1060","PAN",0.783923177937842,"179"
"1061","SUR",0.676005664477584,"179"
"1062","VEN",0.376229545160824,"179"
"1063","BHS",0.6891461331675,"189"
"1064","CUB",0.85773206715826,"189"
"1065","DOM",0.311594225475488,"189"
"1066","HTI",0.222680472216461,"189"
"1067","JAM",0.0819954596340772,"189"
"1068","MEX",0.75160332183547,"189"
"1069","BRN",0.0967049332048575,"189"
"1070","CHN",0.210963785089013,"189"
"1071","KEN",0.421782566315124,"189"
"1072","MMR",0.512310744874881,"189"
"1073","LKA",0.759517969572534,"189"
"1074","TWN",0.179176974079436,"189"
"1075","TZA",0.850278725037837,"189"
"1076","TLS",0.179719923997298,"189"
"1077","VNM",0.333732170352239,"189"
"1078","SLV",0.187969079395192,"189"
"1079","KHM",0.146425723906695,"189"
"1080","CHN",0.212671633953394,"189"
"1081","JPN",0.205492137999403,"189"
"1082","KOR",0.291985746346485,"189"
"1083","OMN",0.169612565344062,"189"
"1084","SGP",0.17033043294056,"189"
"1085","SOM",0.661629657900407,"189"
"1086","TWN",0.171306522026707,"189"
"1087","THA",0.250294142633645,"189"
"1088","TLS",0.201953189780456,"189"
"1089","YEM",0.585502882041761,"189"
"1090","BGD",0.653301099851755,"189"
"1091","BRN",0.239786548560763,"189"
"1092","KHM",0.183417667190825,"189"
"1093","CHN",0.221800027184214,"189"
"1094","DJI",0.177426583620647,"189"
"1095","EGY",0.344501363500104,"189"
"1096","IND",0.521068825692734,"189"
"1097","IRN",0.381705457961584,"189"
"1098","IRQ",0.213748750559528,"189"
"1099","KWT",0.606886100015611,"189"
"1100","MDG",0.825130373168569,"189"
"1101","MMR",0.630010073485793,"189"
"1102","SGP",0.186873614157751,"189"
"1103","SOM",0.659076164840417,"189"
"1104","LKA",0.735772138197129,"189"
"1105","TWN",0.172773825345584,"189"
"1106","TZA",0.837794164191329,"189"
"1107","TLS",0.687743368483567,"189"
"1108","VNM",0.343374263977754,"189"
"1109","YEM",0.5812235059049,"189"
"1110","SLB",0.71575120548783,"189"
"1111","BRA",0.766672181536965,"189"
"1112","COL",0.83417873035528,"189"
"1113","CRI",0.478461564063023,"189"
"1114","DOM",0.335582798005972,"189"
"1115","GUF",0.663380325830639,"189"
"1116","GIN",0.17547360548631,"189"
"1117","GUY",0.323991178112102,"189"
"1118","HTI",0.212800585336494,"189"
"1119","PAN",0.801719817169187,"189"
"1120","SUR",0.680637290911315,"189"
"1121","VEN",0.390528883690831,"189"
"1122","BHS",0.744039698255636,"197"
"1123","CUB",0.901887182970109,"197"
"1124","DOM",0.304244035621859,"197"
"1125","HTI",0.197542021560294,"197"
"1126","JAM",0.0515593829622327,"197"
"1127","MEX",0.797155327495307,"197"
"1128","BRN",0.0647074546709437,"197"
"1129","CHN",0.193404035486988,"197"
"1130","KEN",0.415648617497118,"197"
"1131","MMR",0.481248475703294,"197"
"1132","LKA",0.829731118825654,"197"
"1133","TWN",0.168456025882704,"197"
"1134","TZA",0.882285759660254,"197"
"1135","TLS",0.148039217080849,"197"
"1136","VNM",0.317203088023752,"197"
"1137","SLV",0.17483716242163,"197"
"1138","KHM",0.109276171773933,"197"
"1139","CHN",0.194435637057242,"197"
"1140","JPN",0.18424158400505,"197"
"1141","KOR",0.307134054545753,"197"
"1142","OMN",0.166899611894718,"197"
"1143","SGP",0.126876694315554,"197"
"1144","SOM",0.690846283001244,"197"
"1145","TWN",0.157173232126727,"197"
"1146","THA",0.215570836631347,"197"
"1147","TLS",0.158811064581305,"197"
"1148","YEM",0.606614137765266,"197"
"1149","BGD",0.697415653127014,"197"
"1150","BRN",0.172533447546212,"197"
"1151","KHM",0.154112564117396,"197"
"1152","CHN",0.216275646933319,"197"
"1153","DJI",0.149785685873434,"197"
"1154","EGY",0.295548503816146,"197"
"1155","IND",0.568068800577659,"197"
"1156","IRN",0.418782822102572,"197"
"1157","IRQ",0.200459346526031,"197"
"1158","KWT",0.671677964471369,"197"
"1159","MDG",0.85447911601407,"197"
"1160","MMR",0.605696456172203,"197"
"1161","SGP",0.147126611095476,"197"
"1162","SOM",0.686742463960927,"197"
"1163","LKA",0.809966598723668,"197"
"1164","TWN",0.153953436563112,"197"
"1165","TZA",0.862100613650005,"197"
"1166","TLS",0.739431649679783,"197"
"1167","VNM",0.33815748809595,"197"
"1168","YEM",0.605574595684999,"197"
"1169","SLB",0.748201331843705,"197"
"1170","BRA",0.808715846219897,"197"
"1171","COL",0.866100162627474,"197"
"1172","CRI",0.631793457813871,"197"
"1173","DOM",0.317759439758434,"197"
"1174","GUF",0.700595399993086,"197"
"1175","GIN",0.139767008305207,"197"
"1176","GUY",0.255527632250332,"197"
"1177","HTI",0.185451082353045,"197"
"1178","PAN",0.84783227186636,"197"
"1179","SUR",0.722872517510622,"197"
"1180","VEN",0.408033027476299,"197"
"1181","BHS",0.789146235121598,"207"
"1182","CUB",0.913581123987998,"207"
"1183","DOM",0.254920688074394,"207"
"1184","HTI",0.157626008304469,"207"
"1185","JAM",0.0391508419110076,"207"
"1186","MEX",0.842992805993145,"207"
"1187","BRN",0.0475960191675556,"207"
"1188","CHN",0.152946015908864,"207"
"1189","KEN",0.423925086858775,"207"
"1190","MMR",0.563377898889713,"207"
"1191","LKA",0.859780022534512,"207"
"1192","TWN",0.149052814754111,"207"
"1193","TZA",0.89558541969413,"207"
"1194","TLS",0.124017306093165,"207"
"1195","VNM",0.299354480010676,"207"
"1196","SLV",0.146606843373616,"207"
"1197","KHM",0.100585249485171,"207"
"1198","CHN",0.154426392339862,"207"
"1199","JPN",0.173546737162423,"207"
"1200","KOR",0.265892302501738,"207"
"1201","OMN",0.147058254745845,"207"
"1202","SGP",0.0918181069003837,"207"
"1203","SOM",0.709263885184231,"207"
"1204","TWN",0.137684248501168,"207"
"1205","THA",0.170826468454543,"207"
"1206","TLS",0.135774786288733,"207"
"1207","YEM",0.607906328431359,"207"
"1208","BGD",0.716339282486947,"207"
"1209","BRN",0.143118593754453,"207"
"1210","KHM",0.14617445178208,"207"
"1211","CHN",0.168283716285206,"207"
"1212","DJI",0.122615056822555,"207"
"1213","EGY",0.21937412053292,"207"
"1214","IND",0.598532088907926,"207"
"1215","IRN",0.400670554651346,"207"
"1216","IRQ",0.178604050293873,"207"
"1217","KWT",0.703674053308645,"207"
"1218","MDG",0.878545814546479,"207"
"1219","MMR",0.656848105008077,"207"
"1220","SGP",0.105409852260367,"207"
"1221","SOM",0.715290380858455,"207"
"1222","LKA",0.830096287770745,"207"
"1223","TWN",0.128173074084816,"207"
"1224","TZA",0.872709491840195,"207"
"1225","TLS",0.765186630351852,"207"
"1226","VNM",0.312319659518808,"207"
"1227","YEM",0.608898400306868,"207"
"1228","SLB",0.774705455178629,"207"
"1229","BRA",0.846876106707694,"207"
"1230","COL",0.898777179130876,"207"
"1231","CRI",0.631125655054626,"207"
"1232","DOM",0.267530103981849,"207"
"1233","GUF",0.74204673434992,"207"
"1234","GIN",0.116934275773119,"207"
"1235","GUY",0.240414452254579,"207"
"1236","HTI",0.151247784354334,"207"
"1237","PAN",0.891034019665624,"207"
"1238","SUR",0.775026149558062,"207"
"1239","VEN",0.357364778767232,"207"
"1240","BHS",0.748632230312887,"218"
"1241","CUB",0.904769297631823,"218"
"1242","DOM",0.295746189814375,"218"
"1243","HTI",0.189764869846915,"218"
"1244","JAM",0.0484463954060347,"218"
"1245","MEX",0.81876740791438,"218"
"1246","BRN",0.0606276939952025,"218"
"1247","CHN",0.173570397121756,"218"
"1248","KEN",0.403900434585327,"218"
"1249","MMR",0.544252567738434,"218"
"1250","LKA",0.808665663589884,"218"
"1251","TWN",0.13369505079625,"218"
"1252","TZA",0.872910716049611,"218"
"1253","TLS",0.133296606473428,"218"
"1254","VNM",0.328404997657567,"218"
"1255","SLV",0.160839803560957,"218"
"1256","KHM",0.123755444686782,"218"
"1257","CHN",0.170210433659458,"218"
"1258","JPN",0.169329379324379,"218"
"1259","KOR",0.265321391029873,"218"
"1260","OMN",0.147539120207988,"218"
"1261","SGP",0.115992155782874,"218"
"1262","SOM",0.69789400044202,"218"
"1263","TWN",0.125557830210284,"218"
"1264","THA",0.188226094713348,"218"
"1265","TLS",0.152591225275166,"218"
"1266","YEM",0.607459604699714,"218"
"1267","BGD",0.72996070476274,"218"
"1268","BRN",0.182787701698474,"218"
"1269","KHM",0.182536990739193,"218"
"1270","CHN",0.187277577462534,"218"
"1271","DJI",0.14366749576443,"218"
"1272","EGY",0.266019405282378,"218"
"1273","IND",0.586737573787731,"218"
"1274","IRN",0.383917135269698,"218"
"1275","IRQ",0.176305271909586,"218"
"1276","KWT",0.677002469905059,"218"
"1277","MDG",0.877673062120515,"218"
"1278","MMR",0.629948589553012,"218"
"1279","SGP",0.140873767301754,"218"
"1280","SOM",0.710069766483755,"218"
"1281","LKA",0.790768851975071,"218"
"1282","TWN",0.12850468168097,"218"
"1283","TZA",0.85913324352908,"218"
"1284","TLS",0.756508888767778,"218"
"1285","VNM",0.342092380116217,"218"
"1286","YEM",0.62847763486626,"218"
"1287","SLB",0.763960681306937,"218"
"1288","BRA",0.835414593512018,"218"
"1289","COL",0.873736886061531,"218"
"1290","CRI",0.561322353764001,"218"
"1291","DOM",0.313134437571831,"218"
"1292","GUF",0.690156293436992,"218"
"1293","GIN",0.142197727832603,"218"
"1294","GUY",0.278290646139222,"218"
"1295","HTI",0.176635374613474,"218"
"1296","PAN",0.834433645036533,"218"
"1297","SUR",0.740155870926546,"218"
"1298","VEN",0.335047828681023,"218"
"1299","BHS",0.772492677434928,"228"
"1300","CUB",0.941933980400732,"228"
"1301","DOM",0.285782543520723,"228"
"1302","HTI",0.177078722018023,"228"
"1303","JAM",0.0289257891750744,"228"
"1304","MEX",0.873251800291029,"228"
"1305","BRN",0.0372533716406885,"228"
"1306","CHN",0.160269459159908,"228"
"1307","KEN",0.45269602085665,"228"
"1308","MMR",0.551170507012071,"228"
"1309","LKA",0.897538830199899,"228"
"1310","TWN",0.100853548678056,"228"
"1311","TZA",0.925629869765517,"228"
"1312","TLS",0.102824586927003,"228"
"1313","VNM",0.302507947265316,"228"
"1314","SLV",0.101621833037006,"228"
"1315","KHM",0.0877235086945592,"228"
"1316","CHN",0.163075185751314,"228"
"1317","JPN",0.132307985209351,"228"
"1318","KOR",0.25052327721033,"228"
"1319","OMN",0.143475917158001,"228"
"1320","SGP",0.0772950181266704,"228"
"1321","SOM",0.759030380110674,"228"
"1322","TWN",0.0958437437679218,"228"
"1323","THA",0.14014978197277,"228"
"1324","TLS",0.116970013179192,"228"
"1325","YEM",0.702063547169033,"228"
"1326","BGD",0.776074071816028,"228"
"1327","BRN",0.129337114578946,"228"
"1328","KHM",0.155174156178541,"228"
"1329","CHN",0.192291609896888,"228"
"1330","DJI",0.136875609702658,"228"
"1331","EGY",0.177657638068501,"228"
"1332","IND",0.661590249732467,"228"
"1333","IRN",0.384113491945061,"228"
"1334","IRQ",0.191078362636683,"228"
"1335","KWT",0.717625409647451,"228"
"1336","MDG",0.906672061167299,"228"
"1337","MMR",0.712345279919776,"228"
"1338","SGP",0.104524460009339,"228"
"1339","SOM",0.768050298316413,"228"
"1340","LKA",0.890249626060798,"228"
"1341","TWN",0.104059582434204,"228"
"1342","TZA",0.919552505328724,"228"
"1343","TLS",0.770019538005182,"228"
"1344","VNM",0.346624805698917,"228"
"1345","YEM",0.707341150984856,"228"
"1346","SLB",0.757954509595748,"228"
"1347","BRA",0.874124209337598,"228"
"1348","COL",0.912812328634096,"228"
"1349","CRI",0.707191039040443,"228"
"1350","DOM",0.311495021639726,"228"
"1351","GUF",0.749903406062624,"228"
"1352","GIN",0.112921861196419,"228"
"1353","GUY",0.219476287459922,"228"
"1354","HTI",0.166359147357445,"228"
"1355","PAN",0.895428589635549,"228"
"1356","SUR",0.808311406021557,"228"
"1357","VEN",0.330590453842295,"228"
"1358","BHS",0.758395514624716,"239"
"1359","CUB",0.927169795431119,"239"
"1360","DOM",0.283126543635392,"239"
"1361","HTI",0.186399696961476,"239"
"1362","JAM",0.0458663066081091,"239"
"1363","MEX",0.811002833743262,"239"
"1364","BRN",0.0587443844243233,"239"
"1365","CHN",0.191154700938365,"239"
"1366","KEN",0.445915386757868,"239"
"1367","MMR",0.524434061534634,"239"
"1368","LKA",0.868846355120101,"239"
"1369","TWN",0.125790185572288,"239"
"1370","TZA",0.898816035189802,"239"
"1371","TLS",0.128479930407124,"239"
"1372","VNM",0.312130612124328,"239"
"1373","SLV",0.125810713593515,"239"
"1374","KHM",0.10396179930236,"239"
"1375","CHN",0.191708470603762,"239"
"1376","JPN",0.153181645340465,"239"
"1377","KOR",0.281690857221288,"239"
"1378","OMN",0.150384041032949,"239"
"1379","SGP",0.0967551989895291,"239"
"1380","SOM",0.724516622288118,"239"
"1381","TWN",0.116386329918666,"239"
"1382","THA",0.185241967336709,"239"
"1383","TLS",0.140943012466402,"239"
"1384","YEM",0.605383247642099,"239"
"1385","BGD",0.752975848222384,"239"
"1386","BRN",0.177558786818137,"239"
"1387","KHM",0.149758170929061,"239"
"1388","CHN",0.207369887091461,"239"
"1389","DJI",0.132669677222296,"239"
"1390","EGY",0.229350057281747,"239"
"1391","IND",0.56354322883169,"239"
"1392","IRN",0.352944824936536,"239"
"1393","IRQ",0.183290767249784,"239"
"1394","KWT",0.713094019570431,"239"
"1395","MDG",0.878368267419459,"239"
"1396","MMR",0.670190247207987,"239"
"1397","SGP",0.116136371268817,"239"
"1398","SOM",0.733712198747799,"239"
"1399","LKA",0.85631819492815,"239"
"1400","TWN",0.118583661183242,"239"
"1401","TZA",0.88511947578528,"239"
"1402","TLS",0.758640463783933,"239"
"1403","VNM",0.339841573611837,"239"
"1404","YEM",0.618611958041797,"239"
"1405","SLB",0.749127105461186,"239"
"1406","BRA",0.836353582276846,"239"
"1407","COL",0.907875289129997,"239"
"1408","CRI",0.657928899306317,"239"
"1409","DOM",0.299511400511204,"239"
"1410","GUF",0.730504383474141,"239"
"1411","GIN",0.135907087649915,"239"
"1412","GUY",0.257268258420103,"239"
"1413","HTI",0.18068448622962,"239"
"1414","PAN",0.877520073048001,"239"
"1415","SUR",0.775131563453543,"239"
"1416","VEN",0.344199498690163,"239"
"1417","BHS",0.763777086680249,"249"
"1418","CUB",0.916111116924461,"249"
"1419","DOM",0.241350074965932,"249"
"1420","HTI",0.156322579265003,"249"
"1421","JAM",0.0390871253523264,"249"
"1422","MEX",0.833192772764088,"249"
"1423","BRN",0.0517782059514005,"249"
"1424","CHN",0.173721982854012,"249"
"1425","KEN",0.433153747453109,"249"
"1426","MMR",0.566340569400435,"249"
"1427","LKA",0.85457988459029,"249"
"1428","TWN",0.124030477528337,"249"
"1429","TZA",0.904103862369624,"249"
"1430","TLS",0.115614301495039,"249"
"1431","VNM",0.324650046418341,"249"
"1432","SLV",0.124831304938473,"249"
"1433","KHM",0.102834206004239,"249"
"1434","CHN",0.173317848058394,"249"
"1435","JPN",0.155407265119966,"249"
"1436","KOR",0.259207881818717,"249"
"1437","OMN",0.14897487389576,"249"
"1438","SGP",0.094853232182863,"249"
"1439","SOM",0.736907096522279,"249"
"1440","TWN",0.114866371416854,"249"
"1441","THA",0.174720724359639,"249"
"1442","TLS",0.134665642550247,"249"
"1443","YEM",0.623987496788149,"249"
"1444","BGD",0.733014349358835,"249"
"1445","BRN",0.173879793334082,"249"
"1446","KHM",0.155716140453541,"249"
"1447","CHN",0.190545828273212,"249"
"1448","DJI",0.120503861041376,"249"
"1449","EGY",0.266996432116964,"249"
"1450","IND",0.629192340304466,"249"
"1451","IRN",0.333252614887579,"249"
"1452","IRQ",0.179482038308074,"249"
"1453","KWT",0.755949903858581,"249"
"1454","MDG",0.889181134195179,"249"
"1455","MMR",0.653092448752835,"249"
"1456","SGP",0.115252258151078,"249"
"1457","SOM",0.747619883140844,"249"
"1458","LKA",0.841078181064592,"249"
"1459","TWN",0.111292532377089,"249"
"1460","TZA",0.890121111907898,"249"
"1461","TLS",0.756642673911887,"249"
"1462","VNM",0.345433899018517,"249"
"1463","YEM",0.65467174318181,"249"
"1464","SLB",0.770210474992678,"249"
"1465","BRA",0.858750084245341,"249"
"1466","COL",0.886962111927358,"249"
"1467","CRI",0.604570767050508,"249"
"1468","DOM",0.269743025093777,"249"
"1469","GUF",0.702833906533553,"249"
"1470","GIN",0.129813969874714,"249"
"1471","GUY",0.247463329041836,"249"
"1472","HTI",0.144165642462484,"249"
"1473","PAN",0.871368496365803,"249"
"1474","SUR",0.761559443334942,"249"
"1475","VEN",0.317636817292857,"249"
"1476","BHS",0.754935548302475,"259"
"1477","CUB",0.914452347938678,"259"
"1478","DOM",0.25916565444184,"259"
"1479","HTI",0.1822307449882,"259"
"1480","JAM",0.0460647185025644,"259"
"1481","MEX",0.816567758751562,"259"
"1482","BRN",0.0571464406987913,"259"
"1483","CHN",0.156909338685754,"259"
"1484","KEN",0.440103802537059,"259"
"1485","MMR",0.520524864169512,"259"
"1486","LKA",0.835667972838083,"259"
"1487","TWN",0.13701114895087,"259"
"1488","TZA",0.897760685485257,"259"
"1489","TLS",0.124961088220105,"259"
"1490","VNM",0.329107287772896,"259"
"1491","SLV",0.134196058450251,"259"
"1492","KHM",0.109480428630779,"259"
"1493","CHN",0.158224109010388,"259"
"1494","JPN",0.164674588511607,"259"
"1495","KOR",0.264806408236874,"259"
"1496","OMN",0.151635505750709,"259"
"1497","SGP",0.10947176997263,"259"
"1498","SOM",0.698256578390229,"259"
"1499","TWN",0.134329926672523,"259"
"1500","THA",0.205281977903699,"259"
"1501","TLS",0.137857821855112,"259"
"1502","YEM",0.620853424245984,"259"
"1503","BGD",0.723753897839377,"259"
"1504","BRN",0.168083525623289,"259"
"1505","KHM",0.175640891010167,"259"
"1506","CHN",0.181777276741714,"259"
"1507","DJI",0.14131000269457,"259"
"1508","EGY",0.256780365053158,"259"
"1509","IND",0.588738049931876,"259"
"1510","IRN",0.402157253816519,"259"
"1511","IRQ",0.206710030907635,"259"
"1512","KWT",0.673416008459005,"259"
"1513","MDG",0.879491561437288,"259"
"1514","MMR",0.640491621847322,"259"
"1515","SGP",0.130138685508642,"259"
"1516","SOM",0.710104542366789,"259"
"1517","LKA",0.82059247970554,"259"
"1518","TWN",0.131352210293644,"259"
"1519","TZA",0.878503364627362,"259"
"1520","TLS",0.701111179549237,"259"
"1521","VNM",0.354668703842329,"259"
"1522","YEM",0.63128921858787,"259"
"1523","SLB",0.757373200087611,"259"
"1524","BRA",0.827887591659293,"259"
"1525","COL",0.875672740782301,"259"
"1526","CRI",0.622760825994669,"259"
"1527","DOM",0.272964024321516,"259"
"1528","GUF",0.713146344130835,"259"
"1529","GIN",0.151876240492071,"259"
"1530","GUY",0.263160368048794,"259"
"1531","HTI",0.174147487538031,"259"
"1532","PAN",0.860245986503311,"259"
"1533","SUR",0.77032785854333,"259"
"1534","VEN",0.382361722489768,"259"
"1535","BHS",0.768362653228246,"270"
"1536","CUB",0.901175814795949,"270"
"1537","DOM",0.289663454328594,"270"
"1538","HTI",0.206574622281033,"270"
"1539","JAM",0.0635139804159174,"270"
"1540","MEX",0.779863509338659,"270"
"1541","BRN",0.076994164574196,"270"
"1542","CHN",0.205328468725436,"270"
"1543","KEN",0.407371604529356,"270"
"1544","MMR",0.533608861402393,"270"
"1545","LKA",0.805085046296868,"270"
"1546","TWN",0.151197897465443,"270"
"1547","TZA",0.878449008248875,"270"
"1548","TLS",0.154382562141279,"270"
"1549","VNM",0.329499493898204,"270"
"1550","SLV",0.166703205146207,"270"
"1551","KHM",0.128577776325655,"270"
"1552","CHN",0.202927050486021,"270"
"1553","JPN",0.194375721454297,"270"
"1554","KOR",0.276236799458642,"270"
"1555","OMN",0.15657131091464,"270"
"1556","SGP",0.140613530095587,"270"
"1557","SOM",0.695718099098142,"270"
"1558","TWN",0.141756411682556,"270"
"1559","THA",0.199621652140016,"270"
"1560","TLS",0.167460501299485,"270"
"1561","YEM",0.633125444770857,"270"
"1562","BGD",0.665625988294031,"270"
"1563","BRN",0.199454531913349,"270"
"1564","KHM",0.173215499180876,"270"
"1565","CHN",0.215098250352969,"270"
"1566","DJI",0.159711825833366,"270"
"1567","EGY",0.270936467785682,"270"
"1568","IND",0.544723097079457,"270"
"1569","IRN",0.383702731294056,"270"
"1570","IRQ",0.201081341805887,"270"
"1571","KWT",0.646164723281574,"270"
"1572","MDG",0.846996031981453,"270"
"1573","MMR",0.621462248473616,"270"
"1574","SGP",0.152824551529207,"270"
"1575","SOM",0.692665617468376,"270"
"1576","LKA",0.785026950513974,"270"
"1577","TWN",0.143811604139231,"270"
"1578","TZA",0.863613472617961,"270"
"1579","TLS",0.716544793122886,"270"
"1580","VNM",0.336048533481832,"270"
"1581","YEM",0.627350589751377,"270"
"1582","SLB",0.763357631691733,"270"
"1583","BRA",0.802623351983427,"270"
"1584","COL",0.876335729651472,"270"
"1585","CRI",0.563541498330772,"270"
"1586","DOM",0.300473403086769,"270"
"1587","GUF",0.679385395201732,"270"
"1588","GIN",0.133161096392905,"270"
"1589","GUY",0.284554989011192,"270"
"1590","HTI",0.196364512791338,"270"
"1591","PAN",0.830978018325696,"270"
"1592","SUR",0.744678060413684,"270"
"1593","VEN",0.333778915126306,"270"
"1594","BHS",0.742678551128514,"280"
"1595","CUB",0.886032473284912,"280"
"1596","DOM",0.252677096547885,"280"
"1597","HTI",0.185215935869942,"280"
"1598","JAM",0.0698862685312939,"280"
"1599","MEX",0.790563895645406,"280"
"1600","BRN",0.0871666536643986,"280"
"1601","CHN",0.206347215420537,"280"
"1602","KEN",0.385450247602208,"280"
"1603","MMR",0.517165007949762,"280"
"1604","LKA",0.787696992189552,"280"
"1605","TWN",0.158607540584949,"280"
"1606","TZA",0.862503776176442,"280"
"1607","TLS",0.143411947594709,"280"
"1608","VNM",0.326234612889885,"280"
"1609","SLV",0.185683717430847,"280"
"1610","KHM",0.124821116335157,"280"
"1611","CHN",0.208037295884623,"280"
"1612","JPN",0.212859160404398,"280"
"1613","KOR",0.304492625743498,"280"
"1614","OMN",0.155467874432899,"280"
"1615","SGP",0.133419846128563,"280"
"1616","SOM",0.662061989429799,"280"
"1617","TWN",0.155319505064064,"280"
"1618","THA",0.227965141328552,"280"
"1619","TLS",0.160032041375229,"280"
"1620","YEM",0.559827952482371,"280"
"1621","BGD",0.665358856905762,"280"
"1622","BRN",0.233557004474228,"280"
"1623","KHM",0.181720730368339,"280"
"1624","CHN",0.224108030645403,"280"
"1625","DJI",0.154299685395649,"280"
"1626","EGY",0.326960428298826,"280"
"1627","IND",0.548755382483544,"280"
"1628","IRN",0.393735069316631,"280"
"1629","IRQ",0.195948540698902,"280"
"1630","KWT",0.664770738501262,"280"
"1631","MDG",0.849182240300188,"280"
"1632","MMR",0.610846006041121,"280"
"1633","SGP",0.155724349878258,"280"
"1634","SOM",0.669199267742168,"280"
"1635","LKA",0.768933189986723,"280"
"1636","TWN",0.161782157176231,"280"
"1637","TZA",0.845264917003863,"280"
"1638","TLS",0.702092345160266,"280"
"1639","VNM",0.354084611952959,"280"
"1640","YEM",0.569525837762504,"280"
"1641","SLB",0.754804837063411,"280"
"1642","BRA",0.789299123482964,"280"
"1643","COL",0.84893112658236,"280"
"1644","CRI",0.523191947913975,"280"
"1645","DOM",0.267079681945912,"280"
"1646","GUF",0.669525334592501,"280"
"1647","GIN",0.171514211018519,"280"
"1648","GUY",0.289296352345631,"280"
"1649","HTI",0.174605270551676,"280"
"1650","PAN",0.821951942996818,"280"
"1651","SUR",0.710941197116207,"280"
"1652","VEN",0.384708719935209,"280"
"1653","BHS",0.772928788131763,"289"
"1654","CUB",0.9237772901488,"289"
"1655","DOM",0.298040437430431,"289"
"1656","HTI",0.199332326921289,"289"
"1657","JAM",0.0398619962376235,"289"
"1658","MEX",0.864336884291714,"289"
"1659","BRN",0.0536423536592022,"289"
"1660","CHN",0.167341885515576,"289"
"1661","KEN",0.483295458409998,"289"
"1662","MMR",0.550794448664513,"289"
"1663","LKA",0.858796939518206,"289"
"1664","TWN",0.141902501648933,"289"
"1665","TZA",0.891847094319212,"289"
"1666","TLS",0.138338665398243,"289"
"1667","VNM",0.313432223927483,"289"
"1668","SLV",0.131900516141661,"289"
"1669","KHM",0.10230169664142,"289"
"1670","CHN",0.166053675349851,"289"
"1671","JPN",0.174347604431596,"289"
"1672","KOR",0.285436680647192,"289"
"1673","OMN",0.144332575669073,"289"
"1674","SGP",0.106480003693094,"289"
"1675","SOM",0.725484982143424,"289"
"1676","TWN",0.129670142142685,"289"
"1677","THA",0.187101772786576,"289"
"1678","TLS",0.161131747283648,"289"
"1679","YEM",0.628072111912786,"289"
"1680","BGD",0.712815430266936,"289"
"1681","BRN",0.155737707054472,"289"
"1682","KHM",0.157842576663536,"289"
"1683","CHN",0.1837659607657,"289"
"1684","DJI",0.143507368559005,"289"
"1685","EGY",0.228007730589594,"289"
"1686","IND",0.566368571729993,"289"
"1687","IRN",0.363696562404576,"289"
"1688","IRQ",0.210362038689552,"289"
"1689","KWT",0.697078988658588,"289"
"1690","MDG",0.890528071536328,"289"
"1691","MMR",0.645511291600197,"289"
"1692","SGP",0.124695043074153,"289"
"1693","SOM",0.734710891490571,"289"
"1694","LKA",0.837113138263694,"289"
"1695","TWN",0.121150858225967,"289"
"1696","TZA",0.870320553892057,"289"
"1697","TLS",0.759148435925689,"289"
"1698","VNM",0.332647758709888,"289"
"1699","YEM",0.636468869594424,"289"
"1700","SLB",0.750071461298885,"289"
"1701","BRA",0.845799044470706,"289"
"1702","COL",0.87291216566257,"289"
"1703","CRI",0.640389710336463,"289"
"1704","DOM",0.314557956331435,"289"
"1705","GUF",0.738413166175732,"289"
"1706","GIN",0.135502029536756,"289"
"1707","GUY",0.215742935462672,"289"
"1708","HTI",0.18622397843001,"289"
"1709","PAN",0.867695297410156,"289"
"1710","SUR",0.745931641632663,"289"
"1711","VEN",0.378740043266527,"289"
"1712","BHS",0.755934472855903,"300"
"1713","CUB",0.908804746870377,"300"
"1714","DOM",0.276048554576085,"300"
"1715","HTI",0.173138791539587,"300"
"1716","JAM",0.0553007900443797,"300"
"1717","MEX",0.824295637472691,"300"
"1718","BRN",0.066203356464972,"300"
"1719","CHN",0.194000729037791,"300"
"1720","KEN",0.395007662478777,"300"
"1721","MMR",0.544432500704068,"300"
"1722","LKA",0.820591395822575,"300"
"1723","TWN",0.159387306865799,"300"
"1724","TZA",0.878196293115113,"300"
"1725","TLS",0.12689572220012,"300"
"1726","VNM",0.330033310832927,"300"
"1727","SLV",0.153010155789744,"300"
"1728","KHM",0.114015408354172,"300"
"1729","CHN",0.193243730483855,"300"
"1730","JPN",0.180924340603755,"300"
"1731","KOR",0.277836254073875,"300"
"1732","OMN",0.150426993316097,"300"
"1733","SGP",0.114387604169157,"300"
"1734","SOM",0.674934546236933,"300"
"1735","TWN",0.143079884159769,"300"
"1736","THA",0.200848098881391,"300"
"1737","TLS",0.142968950172521,"300"
"1738","YEM",0.5986816555502,"300"
"1739","BGD",0.721407864613389,"300"
"1740","BRN",0.184343368738697,"300"
"1741","KHM",0.174604203111304,"300"
"1742","CHN",0.216388693172056,"300"
"1743","DJI",0.126139437058996,"300"
"1744","EGY",0.273337745138269,"300"
"1745","IND",0.592959314288799,"300"
"1746","IRN",0.382871951377323,"300"
"1747","IRQ",0.166010274305394,"300"
"1748","KWT",0.650327923773166,"300"
"1749","MDG",0.864130080734291,"300"
"1750","MMR",0.639880553395786,"300"
"1751","SGP",0.138316614523631,"300"
"1752","SOM",0.689398048380964,"300"
"1753","LKA",0.808903163713493,"300"
"1754","TWN",0.156115797135929,"300"
"1755","TZA",0.871041052076966,"300"
"1756","TLS",0.713205772983923,"300"
"1757","VNM",0.364289508809788,"300"
"1758","YEM",0.626197024536974,"300"
"1759","SLB",0.724723464254,"300"
"1760","BRA",0.835262903686352,"300"
"1761","COL",0.877120796135327,"300"
"1762","CRI",0.549270756728065,"300"
"1763","DOM",0.279923700707491,"300"
"1764","GUF",0.655532398278074,"300"
"1765","GIN",0.138942153624554,"300"
"1766","GUY",0.258936721817797,"300"
"1767","HTI",0.159853869579902,"300"
"1768","PAN",0.834626572073746,"300"
"1769","SUR",0.741130358758645,"300"
"1770","VEN",0.332163863878783,"300"
"1771","BHS",0.732904813093212,"310"
"1772","CUB",0.881527503307884,"310"
"1773","DOM",0.304808214139664,"310"
"1774","HTI",0.200452609945716,"310"
"1775","JAM",0.0678932730561075,"310"
"1776","MEX",0.779880210173226,"310"
"1777","BRN",0.0795660592787885,"310"
"1778","CHN",0.200842048248863,"310"
"1779","KEN",0.393538290469211,"310"
"1780","MMR",0.506034532449635,"310"
"1781","LKA",0.767350496220183,"310"
"1782","TWN",0.151156904288232,"310"
"1783","TZA",0.869857424660443,"310"
"1784","TLS",0.169656937563809,"310"
"1785","VNM",0.362352837979848,"310"
"1786","SLV",0.186562650318072,"310"
"1787","KHM",0.153124516496536,"310"
"1788","CHN",0.203786487158588,"310"
"1789","JPN",0.190564444495351,"310"
"1790","KOR",0.285328866337166,"310"
"1791","OMN",0.160355984248406,"310"
"1792","SGP",0.138788541641112,"310"
"1793","SOM",0.671956609429353,"310"
"1794","TWN",0.14201266558156,"310"
"1795","THA",0.223716544092934,"310"
"1796","TLS",0.187670270721518,"310"
"1797","YEM",0.61797469282014,"310"
"1798","BGD",0.665443706566021,"310"
"1799","BRN",0.181361455656853,"310"
"1800","KHM",0.218622676459309,"310"
"1801","CHN",0.222905152567049,"310"
"1802","DJI",0.157964245003039,"310"
"1803","EGY",0.341878992870094,"310"
"1804","IND",0.568142312632369,"310"
"1805","IRN",0.394468180073475,"310"
"1806","IRQ",0.195697498474407,"310"
"1807","KWT",0.643962291021654,"310"
"1808","MDG",0.844013814622256,"310"
"1809","MMR",0.600698516036028,"310"
"1810","SGP",0.157574837169368,"310"
"1811","SOM",0.685329664369661,"310"
"1812","LKA",0.74242995055777,"310"
"1813","TWN",0.148932410818092,"310"
"1814","TZA",0.849931886585211,"310"
"1815","TLS",0.723396102579594,"310"
"1816","VNM",0.387995998725072,"310"
"1817","YEM",0.624252000709338,"310"
"1818","SLB",0.740902542807959,"310"
"1819","BRA",0.787451915811071,"310"
"1820","COL",0.837123351837621,"310"
"1821","CRI",0.506339901270419,"310"
"1822","DOM",0.320325994301505,"310"
"1823","GUF",0.658051602698624,"310"
"1824","GIN",0.193009404528012,"310"
"1825","GUY",0.297776085050453,"310"
"1826","HTI",0.188256240234471,"310"
"1827","PAN",0.819848967560274,"310"
"1828","SUR",0.707841108793703,"310"
"1829","VEN",0.373826313193302,"310"
"1830","BHS",0.794451852849502,"319"
"1831","CUB",0.932673933334704,"319"
"1832","DOM",0.268303249346601,"319"
"1833","HTI",0.157621748134634,"319"
"1834","JAM",0.0387835344169485,"319"
"1835","MEX",0.847108634513986,"319"
"1836","BRN",0.0432843349982516,"319"
"1837","CHN",0.159113054184385,"319"
"1838","KEN",0.446559446581455,"319"
"1839","MMR",0.57213270697721,"319"
"1840","LKA",0.875415943890526,"319"
"1841","TWN",0.134087917880837,"319"
"1842","TZA",0.918842286776386,"319"
"1843","TLS",0.12220878062641,"319"
"1844","VNM",0.294412540555214,"319"
"1845","SLV",0.119693362575644,"319"
"1846","KHM",0.103710682663507,"319"
"1847","CHN",0.158625177818251,"319"
"1848","JPN",0.149157173796601,"319"
"1849","KOR",0.25680316388195,"319"
"1850","OMN",0.13753353423632,"319"
"1851","SGP",0.0936675861466953,"319"
"1852","SOM",0.714277545514969,"319"
"1853","TWN",0.123952625767771,"319"
"1854","THA",0.173304574882349,"319"
"1855","TLS",0.134810602815929,"319"
"1856","YEM",0.643148989965719,"319"
"1857","BGD",0.736793421765451,"319"
"1858","BRN",0.134223128044235,"319"
"1859","KHM",0.150939782859263,"319"
"1860","CHN",0.16998942975208,"319"
"1861","DJI",0.120946820869944,"319"
"1862","EGY",0.217900752964259,"319"
"1863","IND",0.60034568559089,"319"
"1864","IRN",0.373677747029884,"319"
"1865","IRQ",0.161128308189237,"319"
"1866","KWT",0.717559747505879,"319"
"1867","MDG",0.89661773641144,"319"
"1868","MMR",0.65580700531932,"319"
"1869","SGP",0.106126370611135,"319"
"1870","SOM",0.722229321053465,"319"
"1871","LKA",0.852109406186523,"319"
"1872","TWN",0.117802155339333,"319"
"1873","TZA",0.902879406503477,"319"
"1874","TLS",0.766703681769823,"319"
"1875","VNM",0.305180205047072,"319"
"1876","YEM",0.664720709033138,"319"
"1877","SLB",0.795086375094203,"319"
"1878","BRA",0.868596484597659,"319"
"1879","COL",0.902625347852858,"319"
"1880","CRI",0.65825719242675,"319"
"1881","DOM",0.278549040787988,"319"
"1882","GUF",0.746737896703451,"319"
"1883","GIN",0.112242416362297,"319"
"1884","GUY",0.226525089586674,"319"
"1885","HTI",0.146179351292097,"319"
"1886","PAN",0.889473041030054,"319"
"1887","SUR",0.778991903314259,"319"
"1888","VEN",0.345284616811732,"319"
"1889","BHS",0.745762272744644,"330"
"1890","CUB",0.903135622484266,"330"
"1891","DOM",0.27989173126825,"330"
"1892","HTI",0.172960609911267,"330"
"1893","JAM",0.0536298626621171,"330"
"1894","MEX",0.808674128784978,"330"
"1895","BRN",0.0674628521948646,"330"
"1896","CHN",0.203897686816375,"330"
"1897","KEN",0.398746850819019,"330"
"1898","MMR",0.568098564520113,"330"
"1899","LKA",0.84438139955674,"330"
"1900","TWN",0.158830314198434,"330"
"1901","TZA",0.869729193663544,"330"
"1902","TLS",0.131885790414004,"330"
"1903","VNM",0.315368975369468,"330"
"1904","SLV",0.144919004993051,"330"
"1905","KHM",0.122595660511227,"330"
"1906","CHN",0.20318906093872,"330"
"1907","JPN",0.187286016420295,"330"
"1908","KOR",0.278359797902601,"330"
"1909","OMN",0.15314421232392,"330"
"1910","SGP",0.123939521746649,"330"
"1911","SOM",0.707095354120095,"330"
"1912","TWN",0.150890413229699,"330"
"1913","THA",0.193583723152978,"330"
"1914","TLS",0.146845759231293,"330"
"1915","YEM",0.603097687106677,"330"
"1916","BGD",0.681519791591647,"330"
"1917","BRN",0.171530607373897,"330"
"1918","KHM",0.172712893812301,"330"
"1919","CHN",0.215771378094356,"330"
"1920","DJI",0.126039360186387,"330"
"1921","EGY",0.266703910673279,"330"
"1922","IND",0.547381808689164,"330"
"1923","IRN",0.362240488068346,"330"
"1924","IRQ",0.159008117237162,"330"
"1925","KWT",0.688586163032595,"330"
"1926","MDG",0.85253654302769,"330"
"1927","MMR",0.654744098893035,"330"
"1928","SGP",0.136309290760886,"330"
"1929","SOM",0.709043863166524,"330"
"1930","LKA",0.811020138815489,"330"
"1931","TWN",0.146429552205171,"330"
"1932","TZA",0.842741958290535,"330"
"1933","TLS",0.739450345831788,"330"
"1934","VNM",0.328994295524648,"330"
"1935","YEM",0.602351585857111,"330"
"1936","SLB",0.760491424680733,"330"
"1937","BRA",0.815454858219947,"330"
"1938","COL",0.879086885945371,"330"
"1939","CRI",0.573616397195095,"330"
"1940","DOM",0.298545410533022,"330"
"1941","GUF",0.705019133218916,"330"
"1942","GIN",0.160200254789683,"330"
"1943","GUY",0.278356394732293,"330"
"1944","HTI",0.167121141017919,"330"
"1945","PAN",0.845571050908887,"330"
"1946","SUR",0.730363634705316,"330"
"1947","VEN",0.348991146237517,"330"
"1948","BHS",0.750237054427895,"341"
"1949","CUB",0.915659974499637,"341"
"1950","DOM",0.293130750545782,"341"
"1951","HTI",0.187947354879213,"341"
"1952","JAM",0.0438982212138288,"341"
"1953","MEX",0.832254570433847,"341"
"1954","BRN",0.0544393776333546,"341"
"1955","CHN",0.182633334606952,"341"
"1956","KEN",0.442170056183687,"341"
"1957","MMR",0.558392040238542,"341"
"1958","LKA",0.839943625834575,"341"
"1959","TWN",0.154845320228756,"341"
"1960","TZA",0.896611241267723,"341"
"1961","TLS",0.123503180322907,"341"
"1962","VNM",0.306624638410999,"341"
"1963","SLV",0.141571129092715,"341"
"1964","KHM",0.125137542535223,"341"
"1965","CHN",0.188122304591467,"341"
"1966","JPN",0.164843599829355,"341"
"1967","KOR",0.25406798608969,"341"
"1968","OMN",0.165596652729029,"341"
"1969","SGP",0.114586737699933,"341"
"1970","SOM",0.693763831280357,"341"
"1971","TWN",0.142900440015762,"341"
"1972","THA",0.19501709292987,"341"
"1973","TLS",0.142696983916223,"341"
"1974","YEM",0.621438473507972,"341"
"1975","BGD",0.694203797384104,"341"
"1976","BRN",0.146759938102798,"341"
"1977","KHM",0.17477352884971,"341"
"1978","CHN",0.208113513553597,"341"
"1979","DJI",0.137032469416542,"341"
"1980","EGY",0.236817113751465,"341"
"1981","IND",0.582072888077578,"341"
"1982","IRN",0.355680257691562,"341"
"1983","IRQ",0.19181093263452,"341"
"1984","KWT",0.689328204682528,"341"
"1985","MDG",0.874207705026241,"341"
"1986","MMR",0.661006348235286,"341"
"1987","SGP",0.132128556147201,"341"
"1988","SOM",0.693851086763425,"341"
"1989","LKA",0.817944708550436,"341"
"1990","TWN",0.139674607976025,"341"
"1991","TZA",0.87974885320732,"341"
"1992","TLS",0.732009531676586,"341"
"1993","VNM",0.336593044641342,"341"
"1994","YEM",0.618808080181356,"341"
"1995","SLB",0.753116121606652,"341"
"1996","BRA",0.837338633389119,"341"
"1997","COL",0.880063617427826,"341"
"1998","CRI",0.60709627330684,"341"
"1999","DOM",0.319404405446815,"341"
"2000","GUF",0.715451798216528,"341"
"2001","GIN",0.126158272804408,"341"
"2002","GUY",0.217839507733765,"341"
"2003","HTI",0.178352255720698,"341"
"2004","PAN",0.8540367545494,"341"
"2005","SUR",0.720248344338555,"341"
"2006","VEN",0.346075106386773,"341"
"2007","BHS",0.675726947750492,"351"
"2008","CUB",0.827420309306653,"351"
"2009","DOM",0.297145452506218,"351"
"2010","HTI",0.216950783624752,"351"
"2011","JAM",0.105047284130227,"351"
"2012","MEX",0.717650485963291,"351"
"2013","BRN",0.113734308000192,"351"
"2014","CHN",0.258491779038393,"351"
"2015","KEN",0.350324501143527,"351"
"2016","MMR",0.506929211199916,"351"
"2017","LKA",0.69523136847993,"351"
"2018","TWN",0.213476660188681,"351"
"2019","TZA",0.808434196934531,"351"
"2020","TLS",0.18810964169045,"351"
"2021","VNM",0.359440832792386,"351"
"2022","SLV",0.229937369653245,"351"
"2023","KHM",0.173745594380697,"351"
"2024","CHN",0.259281227231864,"351"
"2025","JPN",0.239626454062899,"351"
"2026","KOR",0.304912469792017,"351"
"2027","OMN",0.168699795663801,"351"
"2028","SGP",0.18153130390461,"351"
"2029","SOM",0.61569248926093,"351"
"2030","TWN",0.209072118669595,"351"
"2031","THA",0.26281675788217,"351"
"2032","TLS",0.200232056446146,"351"
"2033","YEM",0.547461678791469,"351"
"2034","BGD",0.628535479417717,"351"
"2035","BRN",0.261994304694114,"351"
"2036","KHM",0.21042508418756,"351"
"2037","CHN",0.26853645078171,"351"
"2038","DJI",0.167940868467981,"351"
"2039","EGY",0.389097428356946,"351"
"2040","IND",0.532428491645779,"351"
"2041","IRN",0.383364182893325,"351"
"2042","IRQ",0.19287096426578,"351"
"2043","KWT",0.571694363582669,"351"
"2044","MDG",0.796861176159541,"351"
"2045","MMR",0.567002531493495,"351"
"2046","SGP",0.188671496641217,"351"
"2047","SOM",0.613827069502019,"351"
"2048","LKA",0.678610094348664,"351"
"2049","TWN",0.208230947037855,"351"
"2050","TZA",0.793315585953897,"351"
"2051","TLS",0.651423984738133,"351"
"2052","VNM",0.370772485882406,"351"
"2053","YEM",0.53995353862795,"351"
"2054","SLB",0.692515667922566,"351"
"2055","BRA",0.747517171039012,"351"
"2056","COL",0.803709223249635,"351"
"2057","CRI",0.430304174936911,"351"
"2058","DOM",0.303558506156599,"351"
"2059","GUF",0.634409012616824,"351"
"2060","GIN",0.237813666122216,"351"
"2061","GUY",0.338800293445395,"351"
"2062","HTI",0.212652037570951,"351"
"2063","PAN",0.750849960970365,"351"
"2064","SUR",0.673766377412969,"351"
"2065","VEN",0.38458282475289,"351"
"2066","BHS",0.753169183856881,"360"
"2067","CUB",0.911840441904507,"360"
"2068","DOM",0.299334089490306,"360"
"2069","HTI",0.189121474236864,"360"
"2070","JAM",0.0461068060493745,"360"
"2071","MEX",0.839013232442425,"360"
"2072","BRN",0.0551931168609159,"360"
"2073","CHN",0.171905779210695,"360"
"2074","KEN",0.390068203415009,"360"
"2075","MMR",0.499712399773213,"360"
"2076","LKA",0.835969531685034,"360"
"2077","TWN",0.157149823554467,"360"
"2078","TZA",0.900340085573103,"360"
"2079","TLS",0.129742594611329,"360"
"2080","VNM",0.30901514907082,"360"
"2081","SLV",0.137302592424982,"360"
"2082","KHM",0.105100528142594,"360"
"2083","CHN",0.173558375340964,"360"
"2084","JPN",0.188012547075982,"360"
"2085","KOR",0.279489774525173,"360"
"2086","OMN",0.137503938853992,"360"
"2087","SGP",0.112774879074832,"360"
"2088","SOM",0.668042241234708,"360"
"2089","TWN",0.148033137949419,"360"
"2090","THA",0.202207099501322,"360"
"2091","TLS",0.142524845016998,"360"
"2092","YEM",0.623940759878217,"360"
"2093","BGD",0.695689044797522,"360"
"2094","BRN",0.195952398860267,"360"
"2095","KHM",0.173909727675249,"360"
"2096","CHN",0.193405540406726,"360"
"2097","DJI",0.145329803773093,"360"
"2098","EGY",0.281755361322316,"360"
"2099","IND",0.597992236047585,"360"
"2100","IRN",0.40404022623305,"360"
"2101","IRQ",0.199561694390141,"360"
"2102","KWT",0.682859948372203,"360"
"2103","MDG",0.868635942086909,"360"
"2104","MMR",0.618307813357037,"360"
"2105","SGP",0.137478838816968,"360"
"2106","SOM",0.684978777312346,"360"
"2107","LKA",0.818816168592036,"360"
"2108","TWN",0.14416784710952,"360"
"2109","TZA",0.885091741474392,"360"
"2110","TLS",0.728855380886518,"360"
"2111","VNM",0.336177750488154,"360"
"2112","YEM",0.644715956211097,"360"
"2113","SLB",0.730466200654838,"360"
"2114","BRA",0.832067491503611,"360"
"2115","COL",0.877951945737134,"360"
"2116","CRI",0.602893255200937,"360"
"2117","DOM",0.298476364555316,"360"
"2118","GUF",0.686862976475992,"360"
"2119","GIN",0.153242587329657,"360"
"2120","GUY",0.246104518055015,"360"
"2121","HTI",0.170425025007322,"360"
"2122","PAN",0.874100283840355,"360"
"2123","SUR",0.735140343313626,"360"
"2124","VEN",0.35080674636234,"360"
"2125","BHS",0.757494029115978,"370"
"2126","CUB",0.904474946389995,"370"
"2127","DOM",0.284909520721965,"370"
"2128","HTI",0.186758486937318,"370"
"2129","JAM",0.0484709195338871,"370"
"2130","MEX",0.818888336001701,"370"
"2131","BRN",0.0606203254858952,"370"
"2132","CHN",0.181220039392293,"370"
"2133","KEN",0.432849582691144,"370"
"2134","MMR",0.526726919433012,"370"
"2135","LKA",0.8381989133648,"370"
"2136","TWN",0.156670812816398,"370"
"2137","TZA",0.894209017284343,"370"
"2138","TLS",0.138769867541317,"370"
"2139","VNM",0.330571092052083,"370"
"2140","SLV",0.145087387807974,"370"
"2141","KHM",0.109203242435053,"370"
"2142","CHN",0.183811854150871,"370"
"2143","JPN",0.172945821605198,"370"
"2144","KOR",0.258009857191891,"370"
"2145","OMN",0.147184507786039,"370"
"2146","SGP",0.122579920158819,"370"
"2147","SOM",0.676467800759353,"370"
"2148","TWN",0.150670258372095,"370"
"2149","THA",0.203261417846221,"370"
"2150","TLS",0.154102499895827,"370"
"2151","YEM",0.593122133078414,"370"
"2152","BGD",0.691195789654731,"370"
"2153","BRN",0.164632121605295,"370"
"2154","KHM",0.153570943456132,"370"
"2155","CHN",0.193651125063597,"370"
"2156","DJI",0.13144918028302,"370"
"2157","EGY",0.285837002699577,"370"
"2158","IND",0.561123361120676,"370"
"2159","IRN",0.386233434369334,"370"
"2160","IRQ",0.158106703452228,"370"
"2161","KWT",0.637879004525133,"370"
"2162","MDG",0.86521001687176,"370"
"2163","MMR",0.622613914721614,"370"
"2164","SGP",0.133863617260287,"370"
"2165","SOM",0.683044976338909,"370"
"2166","LKA",0.816658794295409,"370"
"2167","TWN",0.144111674367552,"370"
"2168","TZA",0.87987959266456,"370"
"2169","TLS",0.714642967153227,"370"
"2170","VNM",0.345591057613483,"370"
"2171","YEM",0.603479736646793,"370"
"2172","SLB",0.771656322994956,"370"
"2173","BRA",0.824131223427688,"370"
"2174","COL",0.879535859967748,"370"
"2175","CRI",0.606879690924986,"370"
"2176","DOM",0.302326332967312,"370"
"2177","GUF",0.697765462875782,"370"
"2178","GIN",0.143068539847471,"370"
"2179","GUY",0.257848903002653,"370"
"2180","HTI",0.180644592830065,"370"
"2181","PAN",0.852974638693851,"370"
"2182","SUR",0.765899395138409,"370"
"2183","VEN",0.333706924802872,"370"
"2184","BHS",0.753084520006584,"378"
"2185","CUB",0.918195711062826,"378"
"2186","DOM",0.314610894319798,"378"
"2187","HTI",0.194799002614825,"378"
"2188","JAM",0.0490651233361282,"378"
"2189","MEX",0.831075731125883,"378"
"2190","BRN",0.0573520131047969,"378"
"2191","CHN",0.171937682178529,"378"
"2192","KEN",0.442573248860472,"378"
"2193","MMR",0.541774949303949,"378"
"2194","LKA",0.837717854391031,"378"
"2195","TWN",0.139311066016032,"378"
"2196","TZA",0.884232774947018,"378"
"2197","TLS",0.125780358868394,"378"
"2198","VNM",0.317837669040406,"378"
"2199","SLV",0.147106793885303,"378"
"2200","KHM",0.1125778661164,"378"
"2201","CHN",0.172120548914097,"378"
"2202","JPN",0.174119237416653,"378"
"2203","KOR",0.258144355389404,"378"
"2204","OMN",0.130984172987613,"378"
"2205","SGP",0.104762637457322,"378"
"2206","SOM",0.714999475588308,"378"
"2207","TWN",0.131512648570034,"378"
"2208","THA",0.191153427479491,"378"
"2209","TLS",0.136876877543831,"378"
"2210","YEM",0.604481341901449,"378"
"2211","BGD",0.726244195002372,"378"
"2212","BRN",0.168459566993797,"378"
"2213","KHM",0.18065441617355,"378"
"2214","CHN",0.196339624005493,"378"
"2215","DJI",0.136183027470842,"378"
"2216","EGY",0.265547956280386,"378"
"2217","IND",0.579927255015297,"378"
"2218","IRN",0.390371909363371,"378"
"2219","IRQ",0.183358537625467,"378"
"2220","KWT",0.646232090796258,"378"
"2221","MDG",0.885835294716736,"378"
"2222","MMR",0.670858692345084,"378"
"2223","SGP",0.130201564858717,"378"
"2224","SOM",0.728737063952307,"378"
"2225","LKA",0.831009530013788,"378"
"2226","TWN",0.140444317467099,"378"
"2227","TZA",0.871789767019782,"378"
"2228","TLS",0.733539469172096,"378"
"2229","VNM",0.340430930949634,"378"
"2230","YEM",0.626500315200326,"378"
"2231","SLB",0.701854212749757,"378"
"2232","BRA",0.837339807235218,"378"
"2233","COL",0.896602184263082,"378"
"2234","CRI",0.609682711539113,"378"
"2235","DOM",0.333542694465855,"378"
"2236","GUF",0.712511173063274,"378"
"2237","GIN",0.137272014442123,"378"
"2238","GUY",0.246395045230957,"378"
"2239","HTI",0.185149874991933,"378"
"2240","PAN",0.855353047447089,"378"
"2241","SUR",0.757988638452849,"378"
"2242","VEN",0.354502477616541,"378"
"2243","BHS",0.744739330035079,"388"
"2244","CUB",0.916190497461489,"388"
"2245","DOM",0.271243297681776,"388"
"2246","HTI",0.177956866081496,"388"
"2247","JAM",0.046608423812511,"388"
"2248","MEX",0.824858413351491,"388"
"2249","BRN",0.0498142965109651,"388"
"2250","CHN",0.215502772629482,"388"
"2251","KEN",0.41190751799469,"388"
"2252","MMR",0.525675076667196,"388"
"2253","LKA",0.850598352665252,"388"
"2254","TWN",0.155124721076542,"388"
"2255","TZA",0.889659555273166,"388"
"2256","TLS",0.130246121980003,"388"
"2257","VNM",0.3449585202217,"388"
"2258","SLV",0.145080505483913,"388"
"2259","KHM",0.110127264004482,"388"
"2260","CHN",0.211972313651899,"388"
"2261","JPN",0.171555991690684,"388"
"2262","KOR",0.272666961771716,"388"
"2263","OMN",0.129891707173066,"388"
"2264","SGP",0.104497970763578,"388"
"2265","SOM",0.728904322174109,"388"
"2266","TWN",0.14842665081791,"388"
"2267","THA",0.195158699451996,"388"
"2268","TLS",0.137476734008408,"388"
"2269","YEM",0.614544415605326,"388"
"2270","BGD",0.716138010407114,"388"
"2271","BRN",0.146036278170522,"388"
"2272","KHM",0.160324732554232,"388"
"2273","CHN",0.231251431151903,"388"
"2274","DJI",0.13052998983287,"388"
"2275","EGY",0.224064430473898,"388"
"2276","IND",0.561212616157036,"388"
"2277","IRN",0.382441695036012,"388"
"2278","IRQ",0.161612611604321,"388"
"2279","KWT",0.676378137311456,"388"
"2280","MDG",0.872176413137116,"388"
"2281","MMR",0.649156395407692,"388"
"2282","SGP",0.123050550361394,"388"
"2283","SOM",0.733612251627881,"388"
"2284","LKA",0.84031957967982,"388"
"2285","TWN",0.14665521377675,"388"
"2286","TZA",0.874853112515471,"388"
"2287","TLS",0.755278244066777,"388"
"2288","VNM",0.363259350912704,"388"
"2289","YEM",0.63678547150338,"388"
"2290","SLB",0.747304895100358,"388"
"2291","BRA",0.831299744704272,"388"
"2292","COL",0.894583775448874,"388"
"2293","CRI",0.626391030995482,"388"
"2294","DOM",0.276382783430619,"388"
"2295","GUF",0.73200342735715,"388"
"2296","GIN",0.141230167505372,"388"
"2297","GUY",0.239159407505071,"388"
"2298","HTI",0.164706403833558,"388"
"2299","PAN",0.857568369894123,"388"
"2300","SUR",0.766084996506764,"388"
"2301","VEN",0.354065913477508,"388"
"2302","BHS",0.756780157593018,"398"
"2303","CUB",0.911123440674528,"398"
"2304","DOM",0.308505724707629,"398"
"2305","HTI",0.200128380335608,"398"
"2306","JAM",0.0450124234033777,"398"
"2307","MEX",0.821809346222625,"398"
"2308","BRN",0.0600197717490488,"398"
"2309","CHN",0.186342375298382,"398"
"2310","KEN",0.452317399713581,"398"
"2311","MMR",0.524742270135772,"398"
"2312","LKA",0.822124894878455,"398"
"2313","TWN",0.152973045065505,"398"
"2314","TZA",0.891933913956662,"398"
"2315","TLS",0.138998877969028,"398"
"2316","VNM",0.322340982284865,"398"
"2317","SLV",0.141183046235777,"398"
"2318","KHM",0.10441255387381,"398"
"2319","CHN",0.18857212447507,"398"
"2320","JPN",0.194279090385591,"398"
"2321","KOR",0.310557301289822,"398"
"2322","OMN",0.151910395253203,"398"
"2323","SGP",0.117530411205162,"398"
"2324","SOM",0.704566274965388,"398"
"2325","TWN",0.152319461052196,"398"
"2326","THA",0.204394750230242,"398"
"2327","TLS",0.157000700476102,"398"
"2328","YEM",0.631021568901907,"398"
"2329","BGD",0.707907987778206,"398"
"2330","BRN",0.173739181679101,"398"
"2331","KHM",0.145974198572606,"398"
"2332","CHN",0.210488395445957,"398"
"2333","DJI",0.15956292592836,"398"
"2334","EGY",0.256085295493388,"398"
"2335","IND",0.58667254247451,"398"
"2336","IRN",0.401265843287598,"398"
"2337","IRQ",0.201764060642315,"398"
"2338","KWT",0.668351011192632,"398"
"2339","MDG",0.879762026339815,"398"
"2340","MMR",0.634908176739105,"398"
"2341","SGP",0.13971617505709,"398"
"2342","SOM",0.711010733441821,"398"
"2343","LKA",0.804586245539663,"398"
"2344","TWN",0.149280418356482,"398"
"2345","TZA",0.878500855008334,"398"
"2346","TLS",0.732757867698631,"398"
"2347","VNM",0.348920948200712,"398"
"2348","YEM",0.631333922937622,"398"
"2349","SLB",0.745061452681335,"398"
"2350","BRA",0.835901463546858,"398"
"2351","COL",0.869986909787784,"398"
"2352","CRI",0.609573027240993,"398"
"2353","DOM",0.315474983176939,"398"
"2354","GUF",0.696685949018871,"398"
"2355","GIN",0.132552765339691,"398"
"2356","GUY",0.268587084505714,"398"
"2357","HTI",0.183643632422411,"398"
"2358","PAN",0.851571210084476,"398"
"2359","SUR",0.749693956389908,"398"
"2360","VEN",0.360627888098959,"398"
"2361","BHS",0.766758413127894,"410"
"2362","CUB",0.917128116984888,"410"
"2363","DOM",0.254307695602253,"410"
"2364","HTI",0.156426226238153,"410"
"2365","JAM",0.0455170003206683,"410"
"2366","MEX",0.815059110610204,"410"
"2367","BRN",0.0514315889619479,"410"
"2368","CHN",0.178036718061138,"410"
"2369","KEN",0.443928091903656,"410"
"2370","MMR",0.511067981190318,"410"
"2371","LKA",0.827433665134227,"410"
"2372","TWN",0.152635108086606,"410"
"2373","TZA",0.904269966498463,"410"
"2374","TLS",0.128989370698889,"410"
"2375","VNM",0.307209360546545,"410"
"2376","SLV",0.135544067470159,"410"
"2377","KHM",0.100307098265761,"410"
"2378","CHN",0.180698629738722,"410"
"2379","JPN",0.160271787099817,"410"
"2380","KOR",0.25811452717447,"410"
"2381","OMN",0.16594940982807,"410"
"2382","SGP",0.097813276336903,"410"
"2383","SOM",0.679809146342377,"410"
"2384","TWN",0.140905427657985,"410"
"2385","THA",0.182709120846676,"410"
"2386","TLS",0.144041238368557,"410"
"2387","YEM",0.580287501861838,"410"
"2388","BGD",0.724911755590211,"410"
"2389","BRN",0.164301389658362,"410"
"2390","KHM",0.146650452547822,"410"
"2391","CHN",0.2020298502768,"410"
"2392","DJI",0.124291036540788,"410"
"2393","EGY",0.254028836895078,"410"
"2394","IND",0.567008298707133,"410"
"2395","IRN",0.369564182301595,"410"
"2396","IRQ",0.181799684714884,"410"
"2397","KWT",0.691231673956396,"410"
"2398","MDG",0.883326471557577,"410"
"2399","MMR",0.616236034007249,"410"
"2400","SGP",0.113523771411358,"410"
"2401","SOM",0.697384746366977,"410"
"2402","LKA",0.805611757175553,"410"
"2403","TWN",0.141280082415604,"410"
"2404","TZA",0.878906713811702,"410"
"2405","TLS",0.75472014958947,"410"
"2406","VNM",0.338638303168486,"410"
"2407","YEM",0.607546464246555,"410"
"2408","SLB",0.741746981165862,"410"
"2409","BRA",0.837186989414277,"410"
"2410","COL",0.876945271070366,"410"
"2411","CRI",0.592403705822193,"410"
"2412","DOM",0.269202774981731,"410"
"2413","GUF",0.72367911691502,"410"
"2414","GIN",0.124666731532949,"410"
"2415","GUY",0.24383284408762,"410"
"2416","HTI",0.147022527454037,"410"
"2417","PAN",0.864078987824836,"410"
"2418","SUR",0.770884116483368,"410"
"2419","VEN",0.364792841063287,"410"
"2420","BHS",0.683472601443259,"420"
"2421","CUB",0.818371321598661,"420"
"2422","DOM",0.294905570686619,"420"
"2423","HTI",0.227343207511186,"420"
"2424","JAM",0.100200931440378,"420"
"2425","MEX",0.737489844029098,"420"
"2426","BRN",0.116798432751554,"420"
"2427","CHN",0.237890431409314,"420"
"2428","KEN",0.351638605118183,"420"
"2429","MMR",0.530860038862107,"420"
"2430","LKA",0.695856525023301,"420"
"2431","TWN",0.220793986823484,"420"
"2432","TZA",0.802741092384599,"420"
"2433","TLS",0.197468031801797,"420"
"2434","VNM",0.350905394388707,"420"
"2435","SLV",0.2201615145053,"420"
"2436","KHM",0.160638721746902,"420"
"2437","CHN",0.238122755833945,"420"
"2438","JPN",0.251341646707534,"420"
"2439","KOR",0.297691563882967,"420"
"2440","OMN",0.178777699900409,"420"
"2441","SGP",0.195312124442235,"420"
"2442","SOM",0.608676415308834,"420"
"2443","TWN",0.210401581531802,"420"
"2444","THA",0.260112598776606,"420"
"2445","TLS",0.210351579169338,"420"
"2446","YEM",0.521165219395649,"420"
"2447","BGD",0.63451108980295,"420"
"2448","BRN",0.239027237846754,"420"
"2449","KHM",0.204667711523568,"420"
"2450","CHN",0.247696019122127,"420"
"2451","DJI",0.19622456967999,"420"
"2452","EGY",0.393312830274982,"420"
"2453","IND",0.533817621368984,"420"
"2454","IRN",0.373022470896,"420"
"2455","IRQ",0.202299434949709,"420"
"2456","KWT",0.622002952523273,"420"
"2457","MDG",0.794200431001688,"420"
"2458","MMR",0.585627885146935,"420"
"2459","SGP",0.211689323470244,"420"
"2460","SOM",0.613463022454419,"420"
"2461","LKA",0.664781492115351,"420"
"2462","TWN",0.209082397793611,"420"
"2463","TZA",0.783711739473547,"420"
"2464","TLS",0.689993457405134,"420"
"2465","VNM",0.361077347108512,"420"
"2466","YEM",0.537373333399637,"420"
"2467","SLB",0.724322777240141,"420"
"2468","BRA",0.729562827029474,"420"
"2469","COL",0.808206029883846,"420"
"2470","CRI",0.437110388758127,"420"
"2471","DOM",0.308291174383628,"420"
"2472","GUF",0.66151759684608,"420"
"2473","GIN",0.215726879073131,"420"
"2474","GUY",0.365566591010089,"420"
"2475","HTI",0.224277876097382,"420"
"2476","PAN",0.765527630183567,"420"
"2477","SUR",0.688002509662444,"420"
"2478","VEN",0.390109834730654,"420"
"2479","BHS",0.729706995973017,"430"
"2480","CUB",0.911458221955785,"430"
"2481","DOM",0.288121543801381,"430"
"2482","HTI",0.169726621327906,"430"
"2483","JAM",0.0438110757432402,"430"
"2484","MEX",0.814264380462221,"430"
"2485","BRN",0.0508340014751849,"430"
"2486","CHN",0.176285308153266,"430"
"2487","KEN",0.413217931743912,"430"
"2488","MMR",0.472814109572208,"430"
"2489","LKA",0.856508660175691,"430"
"2490","TWN",0.143031878325936,"430"
"2491","TZA",0.895270397330963,"430"
"2492","TLS",0.120592217092636,"430"
"2493","VNM",0.324376214669926,"430"
"2494","SLV",0.16192721599858,"430"
"2495","KHM",0.111510485867988,"430"
"2496","CHN",0.176441510230439,"430"
"2497","JPN",0.147928410864189,"430"
"2498","KOR",0.269600054082407,"430"
"2499","OMN",0.136041588012761,"430"
"2500","SGP",0.115413485939178,"430"
"2501","SOM",0.682824430153544,"430"
"2502","TWN",0.132213732963791,"430"
"2503","THA",0.182135688972082,"430"
"2504","TLS",0.130784268879544,"430"
"2505","YEM",0.627034523841944,"430"
"2506","BGD",0.7209534242552,"430"
"2507","BRN",0.151617559953943,"430"
"2508","KHM",0.170888903677768,"430"
"2509","CHN",0.200110661809759,"430"
"2510","DJI",0.125376082435732,"430"
"2511","EGY",0.255222965158333,"430"
"2512","IND",0.607885214220027,"430"
"2513","IRN",0.38691820492308,"430"
"2514","IRQ",0.174527607011025,"430"
"2515","KWT",0.660848766824235,"430"
"2516","MDG",0.884967699475675,"430"
"2517","MMR",0.649851344807199,"430"
"2518","SGP",0.139752722480192,"430"
"2519","SOM",0.695651305918115,"430"
"2520","LKA",0.837128700120762,"430"
"2521","TWN",0.132059657452009,"430"
"2522","TZA",0.877174271874506,"430"
"2523","TLS",0.718124230524091,"430"
"2524","VNM",0.36503627232733,"430"
"2525","YEM",0.631180580323272,"430"
"2526","SLB",0.72839875693744,"430"
"2527","BRA",0.826560776894395,"430"
"2528","COL",0.897393149624733,"430"
"2529","CRI",0.615855016880377,"430"
"2530","DOM",0.294469441460705,"430"
"2531","GUF",0.70161034420804,"430"
"2532","GIN",0.128074897832053,"430"
"2533","GUY",0.256002939086845,"430"
"2534","HTI",0.159528265131092,"430"
"2535","PAN",0.861042864450921,"430"
"2536","SUR",0.737087989974207,"430"
"2537","VEN",0.377261294959113,"430"
"2538","BHS",0.744914904498979,"440"
"2539","CUB",0.910650971944874,"440"
"2540","DOM",0.300893618021317,"440"
"2541","HTI",0.182205094761845,"440"
"2542","JAM",0.051428113791965,"440"
"2543","MEX",0.806230736185684,"440"
"2544","BRN",0.0657985928027465,"440"
"2545","CHN",0.202022172498096,"440"
"2546","KEN",0.432199542675651,"440"
"2547","MMR",0.539191783335909,"440"
"2548","LKA",0.818028581222977,"440"
"2549","TWN",0.138492639127789,"440"
"2550","TZA",0.875030972049821,"440"
"2551","TLS",0.133355323132799,"440"
"2552","VNM",0.32803873470921,"440"
"2553","SLV",0.147146502686109,"440"
"2554","KHM",0.109367739817148,"440"
"2555","CHN",0.202642571923444,"440"
"2556","JPN",0.184693868269974,"440"
"2557","KOR",0.284269000934334,"440"
"2558","OMN",0.152063194796012,"440"
"2559","SGP",0.121299065271012,"440"
"2560","SOM",0.687040793878508,"440"
"2561","TWN",0.131121559378028,"440"
"2562","THA",0.213062402901391,"440"
"2563","TLS",0.145899383750751,"440"
"2564","YEM",0.610180586478314,"440"
"2565","BGD",0.689120714302313,"440"
"2566","BRN",0.187946662512685,"440"
"2567","KHM",0.167386526919405,"440"
"2568","CHN",0.224011823784173,"440"
"2569","DJI",0.147911685645634,"440"
"2570","EGY",0.284648349382793,"440"
"2571","IND",0.574091793463745,"440"
"2572","IRN",0.390213951914272,"440"
"2573","IRQ",0.201269993160724,"440"
"2574","KWT",0.673163731458239,"440"
"2575","MDG",0.857634166309069,"440"
"2576","MMR",0.618583306539855,"440"
"2577","SGP",0.143277385487176,"440"
"2578","SOM",0.693020656017523,"440"
"2579","LKA",0.803172538714092,"440"
"2580","TWN",0.133338727779715,"440"
"2581","TZA",0.857717249102191,"440"
"2582","TLS",0.712944625402984,"440"
"2583","VNM",0.350959176350603,"440"
"2584","YEM",0.607359032041225,"440"
"2585","SLB",0.733927875108776,"440"
"2586","BRA",0.823716192006468,"440"
"2587","COL",0.858243999912746,"440"
"2588","CRI",0.57594628835004,"440"
"2589","DOM",0.311073584609251,"440"
"2590","GUF",0.698360791951327,"440"
"2591","GIN",0.152963900620206,"440"
"2592","GUY",0.264073967768822,"440"
"2593","HTI",0.173044141020493,"440"
"2594","PAN",0.831411186900998,"440"
"2595","SUR",0.732697651627754,"440"
"2596","VEN",0.36188643324082,"440"
"2597","BHS",0.761591396476794,"450"
"2598","CUB",0.90863362965065,"450"
"2599","DOM",0.243925733310392,"450"
"2600","HTI",0.153611117191301,"450"
"2601","JAM",0.0490609579704712,"450"
"2602","MEX",0.807153873159112,"450"
"2603","BRN",0.0609508547906049,"450"
"2604","CHN",0.186880476245376,"450"
"2605","KEN",0.380055093427847,"450"
"2606","MMR",0.530648754984485,"450"
"2607","LKA",0.831928216204487,"450"
"2608","TWN",0.144028816170161,"450"
"2609","TZA",0.886613989418437,"450"
"2610","TLS",0.124504748343468,"450"
"2611","VNM",0.346641018989022,"450"
"2612","SLV",0.1483987594482,"450"
"2613","KHM",0.125079790980653,"450"
"2614","CHN",0.188001032407851,"450"
"2615","JPN",0.173741686912559,"450"
"2616","KOR",0.271471078385931,"450"
"2617","OMN",0.145123360313159,"450"
"2618","SGP",0.106338403477092,"450"
"2619","SOM",0.720276533320555,"450"
"2620","TWN",0.1363367111201,"450"
"2621","THA",0.202800211932653,"450"
"2622","TLS",0.141463524981478,"450"
"2623","YEM",0.6074868134292,"450"
"2624","BGD",0.714348577834034,"450"
"2625","BRN",0.204021674159794,"450"
"2626","KHM",0.173129135380765,"450"
"2627","CHN",0.205833525167824,"450"
"2628","DJI",0.123941336552091,"450"
"2629","EGY",0.279227130681927,"450"
"2630","IND",0.580527609276936,"450"
"2631","IRN",0.353674877911222,"450"
"2632","IRQ",0.155161252389728,"450"
"2633","KWT",0.694744288374374,"450"
"2634","MDG",0.867785664144282,"450"
"2635","MMR",0.644076821219815,"450"
"2636","SGP",0.126968950775536,"450"
"2637","SOM",0.72668616642403,"450"
"2638","LKA",0.810438353402233,"450"
"2639","TWN",0.140338621609763,"450"
"2640","TZA",0.869051376582484,"450"
"2641","TLS",0.75099994801255,"450"
"2642","VNM",0.370610602732495,"450"
"2643","YEM",0.61779220138954,"450"
"2644","SLB",0.736216649738228,"450"
"2645","BRA",0.830301883629741,"450"
"2646","COL",0.87918047578307,"450"
"2647","CRI",0.532955641220896,"450"
"2648","DOM",0.261767177837233,"450"
"2649","GUF",0.70472117262275,"450"
"2650","GIN",0.132902351634794,"450"
"2651","GUY",0.26213407551592,"450"
"2652","HTI",0.146813310716809,"450"
"2653","PAN",0.830096240692462,"450"
"2654","SUR",0.754711342352366,"450"
"2655","VEN",0.337992412494964,"450"
"2656","BHS",0.765013093257311,"460"
"2657","CUB",0.918400861786601,"460"
"2658","DOM",0.262369540400976,"460"
"2659","HTI",0.177247062483913,"460"
"2660","JAM",0.0442196733335962,"460"
"2661","MEX",0.817980027896602,"460"
"2662","BRN",0.0643429089132713,"460"
"2663","CHN",0.188663421940779,"460"
"2664","KEN",0.417416577574613,"460"
"2665","MMR",0.529323693695325,"460"
"2666","LKA",0.847805186445263,"460"
"2667","TWN",0.149900505680866,"460"
"2668","TZA",0.89466748426704,"460"
"2669","TLS",0.123972566571011,"460"
"2670","VNM",0.343295013554922,"460"
"2671","SLV",0.148485578203724,"460"
"2672","KHM",0.114685115015199,"460"
"2673","CHN",0.189348649987256,"460"
"2674","JPN",0.164437927513068,"460"
"2675","KOR",0.293934542754837,"460"
"2676","OMN",0.148123368250718,"460"
"2677","SGP",0.109798880705109,"460"
"2678","SOM",0.719468879832919,"460"
"2679","TWN",0.135110200740738,"460"
"2680","THA",0.196028924800137,"460"
"2681","TLS",0.138202321837313,"460"
"2682","YEM",0.635523742315984,"460"
"2683","BGD",0.731078369689726,"460"
"2684","BRN",0.179074169329383,"460"
"2685","KHM",0.164679766594062,"460"
"2686","CHN",0.207461318855818,"460"
"2687","DJI",0.122991312035934,"460"
"2688","EGY",0.264195437135877,"460"
"2689","IND",0.600871728885668,"460"
"2690","IRN",0.389905051539148,"460"
"2691","IRQ",0.160157257096255,"460"
"2692","KWT",0.705712204071323,"460"
"2693","MDG",0.874397917359967,"460"
"2694","MMR",0.656061121437613,"460"
"2695","SGP",0.125065631213996,"460"
"2696","SOM",0.715906156455621,"460"
"2697","LKA",0.816494684600684,"460"
"2698","TWN",0.131621038514576,"460"
"2699","TZA",0.877697147317709,"460"
"2700","TLS",0.732467239458077,"460"
"2701","VNM",0.36934029394054,"460"
"2702","YEM",0.631585240774722,"460"
"2703","SLB",0.754067832496154,"460"
"2704","BRA",0.836225477946494,"460"
"2705","COL",0.873780685388394,"460"
"2706","CRI",0.565761648047715,"460"
"2707","DOM",0.284921287293107,"460"
"2708","GUF",0.713626885149009,"460"
"2709","GIN",0.136944265027408,"460"
"2710","GUY",0.245748930758708,"460"
"2711","HTI",0.160185360390369,"460"
"2712","PAN",0.838182269557945,"460"
"2713","SUR",0.753816656433755,"460"
"2714","VEN",0.356158126746572,"460"
"2715","BHS",0.716279852258964,"470"
"2716","CUB",0.871806745829212,"470"
"2717","DOM",0.324916523295609,"470"
"2718","HTI",0.217569910365412,"470"
"2719","JAM",0.073520976926589,"470"
"2720","MEX",0.784666632088738,"470"
"2721","BRN",0.0768837455349149,"470"
"2722","CHN",0.205032200540077,"470"
"2723","KEN",0.390412358290964,"470"
"2724","MMR",0.500474963003924,"470"
"2725","LKA",0.785774150158821,"470"
"2726","TWN",0.181539685364738,"470"
"2727","TZA",0.854884323090683,"470"
"2728","TLS",0.175178814804064,"470"
"2729","VNM",0.3405066084337,"470"
"2730","SLV",0.179899983187119,"470"
"2731","KHM",0.138020752466002,"470"
"2732","CHN",0.204461407298873,"470"
"2733","JPN",0.18730087053516,"470"
"2734","KOR",0.282227535792488,"470"
"2735","OMN",0.157165558990955,"470"
"2736","SGP",0.15625551407099,"470"
"2737","SOM",0.646669513366543,"470"
"2738","TWN",0.169195619972388,"470"
"2739","THA",0.24103736924119,"470"
"2740","TLS",0.184335920369602,"470"
"2741","YEM",0.545351308150381,"470"
"2742","BGD",0.641203377894722,"470"
"2743","BRN",0.189472522023363,"470"
"2744","KHM",0.194839720376537,"470"
"2745","CHN",0.227008258129276,"470"
"2746","DJI",0.176873870560827,"470"
"2747","EGY",0.338781958495027,"470"
"2748","IND",0.556038756624933,"470"
"2749","IRN",0.386460625138903,"470"
"2750","IRQ",0.207717055339364,"470"
"2751","KWT",0.626999306968025,"470"
"2752","MDG",0.854659369090958,"470"
"2753","MMR",0.603248036884475,"470"
"2754","SGP",0.179114246674361,"470"
"2755","SOM",0.660255192272791,"470"
"2756","LKA",0.759059202277177,"470"
"2757","TWN",0.173258066573384,"470"
"2758","TZA",0.834686717329884,"470"
"2759","TLS",0.715791313564809,"470"
"2760","VNM",0.363589893950027,"470"
"2761","YEM",0.565953725778771,"470"
"2762","SLB",0.713931018026861,"470"
"2763","BRA",0.789728005719424,"470"
"2764","COL",0.843148591738805,"470"
"2765","CRI",0.517837574285619,"470"
"2766","DOM",0.326205795209406,"470"
"2767","GUF",0.675472558067217,"470"
"2768","GIN",0.175004553532726,"470"
"2769","GUY",0.288697121653686,"470"
"2770","HTI",0.204861492891985,"470"
"2771","PAN",0.792815050904059,"470"
"2772","SUR",0.717064260208893,"470"
"2773","VEN",0.374249639314532,"470"
"2774","BHS",0.77031693046673,"480"
"2775","CUB",0.93232753594235,"480"
"2776","DOM",0.263579472333259,"480"
"2777","HTI",0.16553347650278,"480"
"2778","JAM",0.0361776731297393,"480"
"2779","MEX",0.859708612428294,"480"
"2780","BRN",0.0449319112481184,"480"
"2781","CHN",0.146348373660491,"480"
"2782","KEN",0.411221405077458,"480"
"2783","MMR",0.540503686863698,"480"
"2784","LKA",0.87673647056827,"480"
"2785","TWN",0.125001538203911,"480"
"2786","TZA",0.923215050628605,"480"
"2787","TLS",0.125689998624681,"480"
"2788","VNM",0.302746033786105,"480"
"2789","SLV",0.111834909464436,"480"
"2790","KHM",0.0981471235665675,"480"
"2791","CHN",0.149083845566799,"480"
"2792","JPN",0.145049148036621,"480"
"2793","KOR",0.260145794242078,"480"
"2794","OMN",0.15016899483879,"480"
"2795","SGP",0.0861966153156386,"480"
"2796","SOM",0.745490820725079,"480"
"2797","TWN",0.113499319749415,"480"
"2798","THA",0.177854190950575,"480"
"2799","TLS",0.141267382196168,"480"
"2800","YEM",0.669946976823288,"480"
"2801","BGD",0.749151646541329,"480"
"2802","BRN",0.134960274382235,"480"
"2803","KHM",0.144589277623329,"480"
"2804","CHN",0.168305630309231,"480"
"2805","DJI",0.143312264213179,"480"
"2806","EGY",0.202195472483721,"480"
"2807","IND",0.597508481160428,"480"
"2808","IRN",0.381943602160662,"480"
"2809","IRQ",0.169433081869997,"480"
"2810","KWT",0.714391658774982,"480"
"2811","MDG",0.883346526315868,"480"
"2812","MMR",0.663798907960784,"480"
"2813","SGP",0.103575855919788,"480"
"2814","SOM",0.751230008758609,"480"
"2815","LKA",0.851053550721442,"480"
"2816","TWN",0.112473900891908,"480"
"2817","TZA",0.914557124204676,"480"
"2818","TLS",0.790243782547014,"480"
"2819","VNM",0.328451015667544,"480"
"2820","YEM",0.677427113325803,"480"
"2821","SLB",0.77227162879167,"480"
"2822","BRA",0.851517816955268,"480"
"2823","COL",0.894393323717219,"480"
"2824","CRI",0.618958655657388,"480"
"2825","DOM",0.266604087022216,"480"
"2826","GUF",0.742196706601865,"480"
"2827","GIN",0.113450232751561,"480"
"2828","GUY",0.217525536573603,"480"
"2829","HTI",0.146830843663898,"480"
"2830","PAN",0.874693857709785,"480"
"2831","SUR",0.771688111367225,"480"
"2832","VEN",0.359645314280082,"480"
"2833","BHS",0.793350279925302,"490"
"2834","CUB",0.923159653791278,"490"
"2835","DOM",0.28215610458757,"490"
"2836","HTI",0.164933220264269,"490"
"2837","JAM",0.0393312434448759,"490"
"2838","MEX",0.839560915575761,"490"
"2839","BRN",0.052643499111359,"490"
"2840","CHN",0.152779050730157,"490"
"2841","KEN",0.420788773778777,"490"
"2842","MMR",0.540049046954041,"490"
"2843","LKA",0.850774131877205,"490"
"2844","TWN",0.137806389131119,"490"
"2845","TZA",0.910912131408407,"490"
"2846","TLS",0.123152118408267,"490"
"2847","VNM",0.320182117013975,"490"
"2848","SLV",0.142597262672482,"490"
"2849","KHM",0.100807090008236,"490"
"2850","CHN",0.150481781226875,"490"
"2851","JPN",0.170614345522959,"490"
"2852","KOR",0.292205491107574,"490"
"2853","OMN",0.150546537653604,"490"
"2854","SGP",0.107321911996319,"490"
"2855","SOM",0.719288700554573,"490"
"2856","TWN",0.123000274879899,"490"
"2857","THA",0.178300242530773,"490"
"2858","TLS",0.142822759595367,"490"
"2859","YEM",0.631716596106627,"490"
"2860","BGD",0.735367112552705,"490"
"2861","BRN",0.149483228434101,"490"
"2862","KHM",0.157870720567782,"490"
"2863","CHN",0.175530730635995,"490"
"2864","DJI",0.121794760107673,"490"
"2865","EGY",0.238023169529148,"490"
"2866","IND",0.62496607242953,"490"
"2867","IRN",0.385386185543185,"490"
"2868","IRQ",0.173465536712043,"490"
"2869","KWT",0.698472360939626,"490"
"2870","MDG",0.890688598018819,"490"
"2871","MMR",0.654893318040566,"490"
"2872","SGP",0.133757200175557,"490"
"2873","SOM",0.71928166345229,"490"
"2874","LKA",0.83576867852183,"490"
"2875","TWN",0.134944118955937,"490"
"2876","TZA",0.896165324856699,"490"
"2877","TLS",0.781348265092996,"490"
"2878","VNM",0.346888902063215,"490"
"2879","YEM",0.631770781921995,"490"
"2880","SLB",0.763770003684188,"490"
"2881","BRA",0.847446398247375,"490"
"2882","COL",0.898342639120837,"490"
"2883","CRI",0.647735540619211,"490"
"2884","DOM",0.31534321906606,"490"
"2885","GUF",0.74523628496521,"490"
"2886","GIN",0.12549083555749,"490"
"2887","GUY",0.26569763031696,"490"
"2888","HTI",0.15962548892778,"490"
"2889","PAN",0.853815242905254,"490"
"2890","SUR",0.773361001331555,"490"
"2891","VEN",0.331731087453188,"490"
"2892","BHS",0.723927862285578,"500"
"2893","CUB",0.907085712218584,"500"
"2894","DOM",0.283148559172419,"500"
"2895","HTI",0.198337608752387,"500"
"2896","JAM",0.048030121320837,"500"
"2897","MEX",0.830336145185121,"500"
"2898","BRN",0.0599345810827334,"500"
"2899","CHN",0.191572424061821,"500"
"2900","KEN",0.412043282126412,"500"
"2901","MMR",0.515084018730982,"500"
"2902","LKA",0.821269471539059,"500"
"2903","TWN",0.161872861705232,"500"
"2904","TZA",0.888303817525848,"500"
"2905","TLS",0.140595088164179,"500"
"2906","VNM",0.32970092853693,"500"
"2907","SLV",0.151661328134878,"500"
"2908","KHM",0.127065070247711,"500"
"2909","CHN",0.188633900039645,"500"
"2910","JPN",0.172595209189173,"500"
"2911","KOR",0.278575321417243,"500"
"2912","OMN",0.144105360036175,"500"
"2913","SGP",0.132238052235005,"500"
"2914","SOM",0.689996153325654,"500"
"2915","TWN",0.153815399826591,"500"
"2916","THA",0.207208832662228,"500"
"2917","TLS",0.152312148201535,"500"
"2918","YEM",0.619801041365101,"500"
"2919","BGD",0.694304423997791,"500"
"2920","BRN",0.172420131040409,"500"
"2921","KHM",0.176551968200192,"500"
"2922","CHN",0.208753203383007,"500"
"2923","DJI",0.145207127585725,"500"
"2924","EGY",0.254189770475675,"500"
"2925","IND",0.554303441931023,"500"
"2926","IRN",0.432236930936792,"500"
"2927","IRQ",0.19862224291214,"500"
"2928","KWT",0.654148855907515,"500"
"2929","MDG",0.867754579831609,"500"
"2930","MMR",0.643998542928544,"500"
"2931","SGP",0.155764986902482,"500"
"2932","SOM",0.694668965941739,"500"
"2933","LKA",0.80333488792852,"500"
"2934","TWN",0.153231877531819,"500"
"2935","TZA",0.871074110181708,"500"
"2936","TLS",0.733937476593237,"500"
"2937","VNM",0.343355797802848,"500"
"2938","YEM",0.622905050836125,"500"
"2939","SLB",0.721295913010515,"500"
"2940","BRA",0.825043950872471,"500"
"2941","COL",0.868500515171494,"500"
"2942","CRI",0.576440907756021,"500"
"2943","DOM",0.297918439798557,"500"
"2944","GUF",0.693995846584068,"500"
"2945","GIN",0.133938133451244,"500"
"2946","GUY",0.259766167471761,"500"
"2947","HTI",0.187508437512977,"500"
"2948","PAN",0.855601961555456,"500"
"2949","SUR",0.733242355372345,"500"
"2950","VEN",0.376409705667061,"500"
"2951","BHS",0.75935657333259,"510"
"2952","CUB",0.913564984006874,"510"
"2953","DOM",0.262163116665463,"510"
"2954","HTI",0.17285282508039,"510"
"2955","JAM",0.0465794914440555,"510"
"2956","MEX",0.802829746515149,"510"
"2957","BRN",0.0588383540368344,"510"
"2958","CHN",0.173580118938016,"510"
"2959","KEN",0.392518865874345,"510"
"2960","MMR",0.513921365654733,"510"
"2961","LKA",0.835761598903958,"510"
"2962","TWN",0.155918821485474,"510"
"2963","TZA",0.891165222032568,"510"
"2964","TLS",0.133920960639496,"510"
"2965","VNM",0.310890351343402,"510"
"2966","SLV",0.145044342394525,"510"
"2967","KHM",0.112683953387777,"510"
"2968","CHN",0.174762776464575,"510"
"2969","JPN",0.183741602300102,"510"
"2970","KOR",0.294448320316563,"510"
"2971","OMN",0.150675028516665,"510"
"2972","SGP",0.10992450638257,"510"
"2973","SOM",0.724040127969444,"510"
"2974","TWN",0.152187751868051,"510"
"2975","THA",0.189684706293781,"510"
"2976","TLS",0.144991003864344,"510"
"2977","YEM",0.600160948450334,"510"
"2978","BGD",0.734720262088377,"510"
"2979","BRN",0.180397418051905,"510"
"2980","KHM",0.159717181351732,"510"
"2981","CHN",0.199793802238577,"510"
"2982","DJI",0.139460486915495,"510"
"2983","EGY",0.269906289884516,"510"
"2984","IND",0.570783704518704,"510"
"2985","IRN",0.383661909886407,"510"
"2986","IRQ",0.177489743289936,"510"
"2987","KWT",0.66255760997634,"510"
"2988","MDG",0.864334449231089,"510"
"2989","MMR",0.64919583014213,"510"
"2990","SGP",0.134643378956044,"510"
"2991","SOM",0.729408628626562,"510"
"2992","LKA",0.823449279690204,"510"
"2993","TWN",0.15917171912679,"510"
"2994","TZA",0.874891773681101,"510"
"2995","TLS",0.743975738253468,"510"
"2996","VNM",0.33658863969851,"510"
"2997","YEM",0.602288352122977,"510"
"2998","SLB",0.7650060071772,"510"
"2999","BRA",0.814160571838942,"510"
"3000","COL",0.892361095970479,"510"
"3001","CRI",0.602359514315591,"510"
"3002","DOM",0.261837930064227,"510"
"3003","GUF",0.707118807921619,"510"
"3004","GIN",0.135569640463049,"510"
"3005","GUY",0.24720233551773,"510"
"3006","HTI",0.158712530776283,"510"
"3007","PAN",0.87180480048126,"510"
"3008","SUR",0.755019534815972,"510"
"3009","VEN",0.376717960446168,"510"
"3010","BHS",0.829449345987937,"520"
"3011","CUB",0.957336542826828,"520"
"3012","DOM",0.251409710327787,"520"
"3013","HTI",0.142456547211504,"520"
"3014","JAM",0.0222773412287858,"520"
"3015","MEX",0.883572177119449,"520"
"3016","BRN",0.0282488996481723,"520"
"3017","CHN",0.115114680524228,"520"
"3018","KEN",0.469542518030047,"520"
"3019","MMR",0.616587778184189,"520"
"3020","LKA",0.931716905498811,"520"
"3021","TWN",0.0950072130285268,"520"
"3022","TZA",0.940302214521595,"520"
"3023","TLS",0.0894967310759251,"520"
"3024","VNM",0.272204344004459,"520"
"3025","SLV",0.0767271096839976,"520"
"3026","KHM",0.0806415717317274,"520"
"3027","CHN",0.114685320245318,"520"
"3028","JPN",0.124222996599817,"520"
"3029","KOR",0.248955973396692,"520"
"3030","OMN",0.148527565736689,"520"
"3031","SGP",0.0596756294169485,"520"
"3032","SOM",0.781515077796702,"520"
"3033","TWN",0.0825710740847523,"520"
"3034","THA",0.131790515398351,"520"
"3035","TLS",0.101142002362364,"520"
"3036","YEM",0.692387739623756,"520"
"3037","BGD",0.796630004864313,"520"
"3038","BRN",0.103779031901886,"520"
"3039","KHM",0.148376105358979,"520"
"3040","CHN",0.139962460245228,"520"
"3041","DJI",0.096901299636755,"520"
"3042","EGY",0.139732622187203,"520"
"3043","IND",0.664414415444381,"520"
"3044","IRN",0.374922449052121,"520"
"3045","IRQ",0.185995961838976,"520"
"3046","KWT",0.807768712315248,"520"
"3047","MDG",0.924952161300086,"520"
"3048","MMR",0.721835004972072,"520"
"3049","SGP",0.0788404421305983,"520"
"3050","SOM",0.789621747359129,"520"
"3051","LKA",0.909968384002836,"520"
"3052","TWN",0.0844955999886338,"520"
"3053","TZA",0.922105735988302,"520"
"3054","TLS",0.832996766241061,"520"
"3055","VNM",0.293530490001345,"520"
"3056","YEM",0.719310944738846,"520"
"3057","SLB",0.796091949297395,"520"
"3058","BRA",0.891630134631789,"520"
"3059","COL",0.927881023326805,"520"
"3060","CRI",0.76105436099615,"520"
"3061","DOM",0.270189525696984,"520"
"3062","GUF",0.769671031131807,"520"
"3063","GIN",0.0787544710934306,"520"
"3064","GUY",0.166233625777047,"520"
"3065","HTI",0.126643629339452,"520"
"3066","PAN",0.913698318026081,"520"
"3067","SUR",0.824006032035512,"520"
"3068","VEN",0.341650392597975,"520"
"3069","BHS",0.718844017736875,"530"
"3070","CUB",0.867408929946511,"530"
"3071","DOM",0.292367142066601,"530"
"3072","HTI",0.204430701500208,"530"
"3073","JAM",0.0780771814922768,"530"
"3074","MEX",0.753709766535437,"530"
"3075","BRN",0.0897327606185173,"530"
"3076","CHN",0.217039315152409,"530"
"3077","KEN",0.38264705286719,"530"
"3078","MMR",0.512650217332725,"530"
"3079","LKA",0.754744288184057,"530"
"3080","TWN",0.189336417678321,"530"
"3081","TZA",0.849415328553894,"530"
"3082","TLS",0.169523361537871,"530"
"3083","VNM",0.357504243644183,"530"
"3084","SLV",0.197765025768534,"530"
"3085","KHM",0.146355877527136,"530"
"3086","CHN",0.214055093132243,"530"
"3087","JPN",0.216019505737906,"530"
"3088","KOR",0.314512494528214,"530"
"3089","OMN",0.16810043825436,"530"
"3090","SGP",0.16523445512377,"530"
"3091","SOM",0.645517029308735,"530"
"3092","TWN",0.185403561133118,"530"
"3093","THA",0.236493920052569,"530"
"3094","TLS",0.178306046934186,"530"
"3095","YEM",0.564072877601548,"530"
"3096","BGD",0.637271274682485,"530"
"3097","BRN",0.206037399609585,"530"
"3098","KHM",0.188334051870716,"530"
"3099","CHN",0.22777002632919,"530"
"3100","DJI",0.169284711778207,"530"
"3101","EGY",0.345180156583837,"530"
"3102","IND",0.526894475245926,"530"
"3103","IRN",0.391695188282102,"530"
"3104","IRQ",0.190233502088503,"530"
"3105","KWT",0.6292720925473,"530"
"3106","MDG",0.836423137943905,"530"
"3107","MMR",0.608624746885291,"530"
"3108","SGP",0.178726690268771,"530"
"3109","SOM",0.649451143115647,"530"
"3110","LKA",0.730359506074562,"530"
"3111","TWN",0.176375357149195,"530"
"3112","TZA",0.831096728820257,"530"
"3113","TLS",0.692123633073008,"530"
"3114","VNM",0.366432645169459,"530"
"3115","YEM",0.573309130798471,"530"
"3116","SLB",0.739692530948786,"530"
"3117","BRA",0.764150881183916,"530"
"3118","COL",0.831121180035336,"530"
"3119","CRI",0.493638374850549,"530"
"3120","DOM",0.293383366778595,"530"
"3121","GUF",0.658762628531896,"530"
"3122","GIN",0.18843222524748,"530"
"3123","GUY",0.316359847952692,"530"
"3124","HTI",0.196924124829218,"530"
"3125","PAN",0.800857155165952,"530"
"3126","SUR",0.696660691250436,"530"
"3127","VEN",0.384309234701295,"530"
"3128","BHS",0.736919479808655,"540"
"3129","CUB",0.908285551638635,"540"
"3130","DOM",0.284386676388018,"540"
"3131","HTI",0.169628635421647,"540"
"3132","JAM",0.0510162750436902,"540"
"3133","MEX",0.808062420632973,"540"
"3134","BRN",0.0597244880580203,"540"
"3135","CHN",0.18617344206838,"540"
"3136","KEN",0.417858782523932,"540"
"3137","MMR",0.50707224874622,"540"
"3138","LKA",0.822929014730435,"540"
"3139","TWN",0.173419835060167,"540"
"3140","TZA",0.876556782043465,"540"
"3141","TLS",0.12650841883575,"540"
"3142","VNM",0.319311479353633,"540"
"3143","SLV",0.148801359989091,"540"
"3144","KHM",0.12219845488454,"540"
"3145","CHN",0.184871533350248,"540"
"3146","JPN",0.204042357540498,"540"
"3147","KOR",0.2908988901865,"540"
"3148","OMN",0.14532818539862,"540"
"3149","SGP",0.124654281891051,"540"
"3150","SOM",0.674766233691466,"540"
"3151","TWN",0.164483694806542,"540"
"3152","THA",0.208082709321555,"540"
"3153","TLS",0.14615614559044,"540"
"3154","YEM",0.612109680397066,"540"
"3155","BGD",0.702298370925323,"540"
"3156","BRN",0.204592503240701,"540"
"3157","KHM",0.179796523685972,"540"
"3158","CHN",0.202241435118706,"540"
"3159","DJI",0.125469376469275,"540"
"3160","EGY",0.260495194984135,"540"
"3161","IND",0.593181399128826,"540"
"3162","IRN",0.360609205031048,"540"
"3163","IRQ",0.145659797887615,"540"
"3164","KWT",0.651249720718566,"540"
"3165","MDG",0.864872250606307,"540"
"3166","MMR",0.623489878498146,"540"
"3167","SGP",0.150100367062256,"540"
"3168","SOM",0.683819236143454,"540"
"3169","LKA",0.812831877979981,"540"
"3170","TWN",0.167876112736187,"540"
"3171","TZA",0.876274413560846,"540"
"3172","TLS",0.744483764264462,"540"
"3173","VNM",0.346828155938298,"540"
"3174","YEM",0.613624944655784,"540"
"3175","SLB",0.743043323262005,"540"
"3176","BRA",0.823451331460105,"540"
"3177","COL",0.886957324547603,"540"
"3178","CRI",0.54701226694376,"540"
"3179","DOM",0.310277517301819,"540"
"3180","GUF",0.698717326660491,"540"
"3181","GIN",0.153109017542278,"540"
"3182","GUY",0.267900768252668,"540"
"3183","HTI",0.162756711358155,"540"
"3184","PAN",0.85264898687988,"540"
"3185","SUR",0.721257377245594,"540"
"3186","VEN",0.362279342187952,"540"
"3187","BHS",0.765222871791053,"550"
"3188","CUB",0.920213176028535,"550"
"3189","DOM",0.288999298428867,"550"
"3190","HTI",0.171930648227386,"550"
"3191","JAM",0.0464972220733797,"550"
"3192","MEX",0.828053064162806,"550"
"3193","BRN",0.0592251041356373,"550"
"3194","CHN",0.158737087060592,"550"
"3195","KEN",0.44202083633477,"550"
"3196","MMR",0.526911305230867,"550"
"3197","LKA",0.83324364036648,"550"
"3198","TWN",0.14237775615884,"550"
"3199","TZA",0.90122870799965,"550"
"3200","TLS",0.138820903558177,"550"
"3201","VNM",0.315792125671125,"550"
"3202","SLV",0.146386594482905,"550"
"3203","KHM",0.117927813666589,"550"
"3204","CHN",0.161021484673943,"550"
"3205","JPN",0.175423818437686,"550"
"3206","KOR",0.268338839071969,"550"
"3207","OMN",0.140168931742606,"550"
"3208","SGP",0.11806007013837,"550"
"3209","SOM",0.699989847248443,"550"
"3210","TWN",0.134314202881062,"550"
"3211","THA",0.181082633700196,"550"
"3212","TLS",0.156320606182902,"550"
"3213","YEM",0.622906040656958,"550"
"3214","BGD",0.709031545421792,"550"
"3215","BRN",0.163319047824862,"550"
"3216","KHM",0.178286683284179,"550"
"3217","CHN",0.180152343775287,"550"
"3218","DJI",0.129245526915291,"550"
"3219","EGY",0.259092340015368,"550"
"3220","IND",0.576615896408524,"550"
"3221","IRN",0.376283861910784,"550"
"3222","IRQ",0.175560454921523,"550"
"3223","KWT",0.684558250952429,"550"
"3224","MDG",0.875471671217482,"550"
"3225","MMR",0.631038265598955,"550"
"3226","SGP",0.138696856980707,"550"
"3227","SOM",0.71384272232152,"550"
"3228","LKA",0.814732564867612,"550"
"3229","TWN",0.135022460869579,"550"
"3230","TZA",0.886890613290581,"550"
"3231","TLS",0.746304458351833,"550"
"3232","VNM",0.342858937797514,"550"
"3233","YEM",0.634213454104573,"550"
"3234","SLB",0.776145868576221,"550"
"3235","BRA",0.839615589494472,"550"
"3236","COL",0.888168411946195,"550"
"3237","CRI",0.597021376109121,"550"
"3238","DOM",0.297476601253218,"550"
"3239","GUF",0.707421259913155,"550"
"3240","GIN",0.149017427497648,"550"
"3241","GUY",0.259169034648337,"550"
"3242","HTI",0.15894049303721,"550"
"3243","PAN",0.850899535200019,"550"
"3244","SUR",0.755069920488444,"550"
"3245","VEN",0.33192880269992,"550"
"3246","BHS",0.730522191015286,"561"
"3247","CUB",0.902025542470733,"561"
"3248","DOM",0.286018236233086,"561"
"3249","HTI",0.214897375225946,"561"
"3250","JAM",0.059153653905519,"561"
"3251","MEX",0.791323534089824,"561"
"3252","BRN",0.0672528668036015,"561"
"3253","CHN",0.20732459255423,"561"
"3254","KEN",0.42246726593227,"561"
"3255","MMR",0.520863596335091,"561"
"3256","LKA",0.810067822396146,"561"
"3257","TWN",0.1624377625539,"561"
"3258","TZA",0.885720773578483,"561"
"3259","TLS",0.164766864635576,"561"
"3260","VNM",0.331679606555571,"561"
"3261","SLV",0.159680445812015,"561"
"3262","KHM",0.138752154647162,"561"
"3263","CHN",0.207465721075466,"561"
"3264","JPN",0.189875629283374,"561"
"3265","KOR",0.292402682463406,"561"
"3266","OMN",0.15763079855436,"561"
"3267","SGP",0.125139638129318,"561"
"3268","SOM",0.696558155856309,"561"
"3269","TWN",0.156454113405899,"561"
"3270","THA",0.207392182815157,"561"
"3271","TLS",0.179078562332918,"561"
"3272","YEM",0.581944745877203,"561"
"3273","BGD",0.679643452765673,"561"
"3274","BRN",0.188911521572874,"561"
"3275","KHM",0.186474196691121,"561"
"3276","CHN",0.222175445371765,"561"
"3277","DJI",0.153166824545935,"561"
"3278","EGY",0.292411937260843,"561"
"3279","IND",0.553489357170544,"561"
"3280","IRN",0.373066774303346,"561"
"3281","IRQ",0.175344344537312,"561"
"3282","KWT",0.662472629624438,"561"
"3283","MDG",0.855986163194007,"561"
"3284","MMR",0.620406558181574,"561"
"3285","SGP",0.143844519031969,"561"
"3286","SOM",0.71232783184693,"561"
"3287","LKA",0.795499201104846,"561"
"3288","TWN",0.160087683539385,"561"
"3289","TZA",0.870536603161825,"561"
"3290","TLS",0.742397681687499,"561"
"3291","VNM",0.342925583069866,"561"
"3292","YEM",0.600801143874239,"561"
"3293","SLB",0.740938490873698,"561"
"3294","BRA",0.808442146978469,"561"
"3295","COL",0.86513511689228,"561"
"3296","CRI",0.535250107412288,"561"
"3297","DOM",0.29697307169809,"561"
"3298","GUF",0.682879390463703,"561"
"3299","GIN",0.137943332603774,"561"
"3300","GUY",0.248229081448491,"561"
"3301","HTI",0.202959712614398,"561"
"3302","PAN",0.815694098030889,"561"
"3303","SUR",0.702838855948495,"561"
"3304","VEN",0.364777675717549,"561"
"3305","BHS",0.751084319316617,"570"
"3306","CUB",0.912812480626921,"570"
"3307","DOM",0.271591764257455,"570"
"3308","HTI",0.190634219788088,"570"
"3309","JAM",0.0515151547141597,"570"
"3310","MEX",0.800157897260173,"570"
"3311","BRN",0.0647884512364753,"570"
"3312","CHN",0.181745485338222,"570"
"3313","KEN",0.438796374309593,"570"
"3314","MMR",0.522026586059797,"570"
"3315","LKA",0.822380152741405,"570"
"3316","TWN",0.141698885351161,"570"
"3317","TZA",0.892470984937019,"570"
"3318","TLS",0.138627997143601,"570"
"3319","VNM",0.322419837146524,"570"
"3320","SLV",0.153041151210812,"570"
"3321","KHM",0.118343345866722,"570"
"3322","CHN",0.184282846744101,"570"
"3323","JPN",0.170176571352872,"570"
"3324","KOR",0.252606557528706,"570"
"3325","OMN",0.152064292215697,"570"
"3326","SGP",0.118763729429816,"570"
"3327","SOM",0.671314200477998,"570"
"3328","TWN",0.133615637286549,"570"
"3329","THA",0.192218090722984,"570"
"3330","TLS",0.155936222435212,"570"
"3331","YEM",0.593251257161499,"570"
"3332","BGD",0.71033219535591,"570"
"3333","BRN",0.182544829254067,"570"
"3334","KHM",0.187155963663222,"570"
"3335","CHN",0.210644021189732,"570"
"3336","DJI",0.151762806672207,"570"
"3337","EGY",0.263400550949255,"570"
"3338","IND",0.583214462313558,"570"
"3339","IRN",0.392745951713786,"570"
"3340","IRQ",0.191649700717063,"570"
"3341","KWT",0.684141134321815,"570"
"3342","MDG",0.872064045065174,"570"
"3343","MMR",0.639693659317476,"570"
"3344","SGP",0.145317485162298,"570"
"3345","SOM",0.68476366679993,"570"
"3346","LKA",0.802814353176775,"570"
"3347","TWN",0.138188689112624,"570"
"3348","TZA",0.877525004931829,"570"
"3349","TLS",0.739272887061133,"570"
"3350","VNM",0.361875527520645,"570"
"3351","YEM",0.60923730371603,"570"
"3352","SLB",0.766642676579507,"570"
"3353","BRA",0.830570427348816,"570"
"3354","COL",0.864698516374828,"570"
"3355","CRI",0.592473192631591,"570"
"3356","DOM",0.290591094625438,"570"
"3357","GUF",0.66628890646044,"570"
"3358","GIN",0.15735652847419,"570"
"3359","GUY",0.263079569498171,"570"
"3360","HTI",0.179625479751744,"570"
"3361","PAN",0.844875244746897,"570"
"3362","SUR",0.740616417933834,"570"
"3363","VEN",0.337941455919459,"570"
"3364","BHS",0.712673730789239,"580"
"3365","CUB",0.894610894229565,"580"
"3366","DOM",0.275493544319263,"580"
"3367","HTI",0.17191020054504,"580"
"3368","JAM",0.0559250642565529,"580"
"3369","MEX",0.79187940506212,"580"
"3370","BRN",0.0710566261614888,"580"
"3371","CHN",0.17450324617467,"580"
"3372","KEN",0.385067640000497,"580"
"3373","MMR",0.521622271389148,"580"
"3374","LKA",0.802684409520542,"580"
"3375","TWN",0.157833932027913,"580"
"3376","TZA",0.879363750443159,"580"
"3377","TLS",0.155711873366995,"580"
"3378","VNM",0.295284270378576,"580"
"3379","SLV",0.16565585826004,"580"
"3380","KHM",0.124382840183897,"580"
"3381","CHN",0.174293723432246,"580"
"3382","JPN",0.174965641565004,"580"
"3383","KOR",0.261359132425175,"580"
"3384","OMN",0.165823818556066,"580"
"3385","SGP",0.141050308816245,"580"
"3386","SOM",0.683970775511796,"580"
"3387","TWN",0.149935564096032,"580"
"3388","THA",0.213189987534175,"580"
"3389","TLS",0.172371997961603,"580"
"3390","YEM",0.604268161224917,"580"
"3391","BGD",0.675991577725795,"580"
"3392","BRN",0.179577542102519,"580"
"3393","KHM",0.16832615712577,"580"
"3394","CHN",0.185697466316283,"580"
"3395","DJI",0.1351871075414,"580"
"3396","EGY",0.279103096783896,"580"
"3397","IND",0.556671469533129,"580"
"3398","IRN",0.363056925717785,"580"
"3399","IRQ",0.148050684582479,"580"
"3400","KWT",0.64717586284614,"580"
"3401","MDG",0.862619577884085,"580"
"3402","MMR",0.605863983131737,"580"
"3403","SGP",0.149331730372528,"580"
"3404","SOM",0.68357438343997,"580"
"3405","LKA",0.776174462696016,"580"
"3406","TWN",0.147987496622138,"580"
"3407","TZA",0.863639722355238,"580"
"3408","TLS",0.747431230048183,"580"
"3409","VNM",0.314752184680164,"580"
"3410","YEM",0.605124504918665,"580"
"3411","SLB",0.762057776641518,"580"
"3412","BRA",0.798367891433128,"580"
"3413","COL",0.876492817140311,"580"
"3414","CRI",0.505786626074364,"580"
"3415","DOM",0.28605145858038,"580"
"3416","GUF",0.700955916632589,"580"
"3417","GIN",0.139189382430324,"580"
"3418","GUY",0.256381874620826,"580"
"3419","HTI",0.160529126493796,"580"
"3420","PAN",0.82549656123635,"580"
"3421","SUR",0.71171429706113,"580"
"3422","VEN",0.379009279451294,"580"
"3423","BHS",0.690240430377083,"590"
"3424","CUB",0.867930767871802,"590"
"3425","DOM",0.294458757385349,"590"
"3426","HTI",0.203190421529119,"590"
"3427","JAM",0.0795882373399127,"590"
"3428","MEX",0.756641061797588,"590"
"3429","BRN",0.0937705584395944,"590"
"3430","CHN",0.239656107306021,"590"
"3431","KEN",0.386584191333074,"590"
"3432","MMR",0.507410973625406,"590"
"3433","LKA",0.73087111252182,"590"
"3434","TWN",0.185960814151033,"590"
"3435","TZA",0.858964287689257,"590"
"3436","TLS",0.184599952625199,"590"
"3437","VNM",0.335209459687466,"590"
"3438","SLV",0.19332420910066,"590"
"3439","KHM",0.142151663285317,"590"
"3440","CHN",0.239422352093977,"590"
"3441","JPN",0.22531998298932,"590"
"3442","KOR",0.306360992610607,"590"
"3443","OMN",0.164220083651212,"590"
"3444","SGP",0.169925245183846,"590"
"3445","SOM",0.644586096909174,"590"
"3446","TWN",0.181896824400932,"590"
"3447","THA",0.245468218826784,"590"
"3448","TLS",0.19828556825116,"590"
"3449","YEM",0.568913634870915,"590"
"3450","BGD",0.658254086693278,"590"
"3451","BRN",0.231313383100646,"590"
"3452","KHM",0.174777329173188,"590"
"3453","CHN",0.25539652436171,"590"
"3454","DJI",0.163823267317209,"590"
"3455","EGY",0.313233418099856,"590"
"3456","IND",0.540864439855146,"590"
"3457","IRN",0.394067391830031,"590"
"3458","IRQ",0.181894417456169,"590"
"3459","KWT",0.611224019660276,"590"
"3460","MDG",0.842384996547404,"590"
"3461","MMR",0.581982421953274,"590"
"3462","SGP",0.185937151055846,"590"
"3463","SOM",0.658014358236024,"590"
"3464","LKA",0.722934213929243,"590"
"3465","TWN",0.185016620719391,"590"
"3466","TZA",0.854048659817243,"590"
"3467","TLS",0.703286746536952,"590"
"3468","VNM",0.354557953656641,"590"
"3469","YEM",0.574259226653589,"590"
"3470","SLB",0.76082148717342,"590"
"3471","BRA",0.764949557580982,"590"
"3472","COL",0.844766123560391,"590"
"3473","CRI",0.488280174626785,"590"
"3474","DOM",0.311046182361477,"590"
"3475","GUF",0.666765307079607,"590"
"3476","GIN",0.173797477791976,"590"
"3477","GUY",0.307533007567404,"590"
"3478","HTI",0.189915474395134,"590"
"3479","PAN",0.800535578021254,"590"
"3480","SUR",0.703222716114549,"590"
"3481","VEN",0.40417278667399,"590"
"3482","BHS",0.722407048465736,"599"
"3483","CUB",0.913104829934053,"599"
"3484","DOM",0.292060543882019,"599"
"3485","HTI",0.191271716190408,"599"
"3486","JAM",0.0483549181709838,"599"
"3487","MEX",0.813004744876208,"599"
"3488","BRN",0.0583222230060916,"599"
"3489","CHN",0.182765179576716,"599"
"3490","KEN",0.441822823861723,"599"
"3491","MMR",0.550697873035709,"599"
"3492","LKA",0.840460522561306,"599"
"3493","TWN",0.141824225714487,"599"
"3494","TZA",0.879710101456916,"599"
"3495","TLS",0.139114109920931,"599"
"3496","VNM",0.312032723090075,"599"
"3497","SLV",0.13816084818448,"599"
"3498","KHM",0.116129043260714,"599"
"3499","CHN",0.181287812955014,"599"
"3500","JPN",0.169333400770699,"599"
"3501","KOR",0.260666576517215,"599"
"3502","OMN",0.146755549408418,"599"
"3503","SGP",0.1197393084319,"599"
"3504","SOM",0.715556716907386,"599"
"3505","TWN",0.136342186438471,"599"
"3506","THA",0.186377817386564,"599"
"3507","TLS",0.164003960396234,"599"
"3508","YEM",0.647639270076573,"599"
"3509","BGD",0.711793103523387,"599"
"3510","BRN",0.146210567175516,"599"
"3511","KHM",0.166481675072958,"599"
"3512","CHN",0.204730056760188,"599"
"3513","DJI",0.153494730208814,"599"
"3514","EGY",0.228847573291293,"599"
"3515","IND",0.59843335746481,"599"
"3516","IRN",0.393182189034922,"599"
"3517","IRQ",0.200489291912541,"599"
"3518","KWT",0.675741459270149,"599"
"3519","MDG",0.869159544714658,"599"
"3520","MMR",0.648513684192589,"599"
"3521","SGP",0.144677591784282,"599"
"3522","SOM",0.723843545308639,"599"
"3523","LKA",0.825867494640911,"599"
"3524","TWN",0.145200816954924,"599"
"3525","TZA",0.87263018487132,"599"
"3526","TLS",0.742941104515164,"599"
"3527","VNM",0.346620462071329,"599"
"3528","YEM",0.659038864929501,"599"
"3529","SLB",0.715628834875656,"599"
"3530","BRA",0.837094016628439,"599"
"3531","COL",0.879878749671688,"599"
"3532","CRI",0.59850358288081,"599"
"3533","DOM",0.306162268014008,"599"
"3534","GUF",0.720678950712054,"599"
"3535","GIN",0.125782173105498,"599"
"3536","GUY",0.241790507204583,"599"
"3537","HTI",0.177273812522906,"599"
"3538","PAN",0.834916828358187,"599"
"3539","SUR",0.745018991835242,"599"
"3540","VEN",0.362545484996114,"599"
"3541","BHS",0.718703895659624,"610"
"3542","CUB",0.886236990256738,"610"
"3543","DOM",0.301941887218375,"610"
"3544","HTI",0.208726901826643,"610"
"3545","JAM",0.0694942006042768,"610"
"3546","MEX",0.769241113096517,"610"
"3547","BRN",0.0782619276707721,"610"
"3548","CHN",0.21165089240526,"610"
"3549","KEN",0.379930389879275,"610"
"3550","MMR",0.535102447135735,"610"
"3551","LKA",0.793376385345124,"610"
"3552","TWN",0.172596799435199,"610"
"3553","TZA",0.849766530579451,"610"
"3554","TLS",0.145839083704828,"610"
"3555","VNM",0.321035231797472,"610"
"3556","SLV",0.172551019551859,"610"
"3557","KHM",0.123417959722249,"610"
"3558","CHN",0.207949688290845,"610"
"3559","JPN",0.205132114244032,"610"
"3560","KOR",0.291918388212102,"610"
"3561","OMN",0.137642225223011,"610"
"3562","SGP",0.149835203344883,"610"
"3563","SOM",0.635395162531035,"610"
"3564","TWN",0.160645179763854,"610"
"3565","THA",0.220426765746084,"610"
"3566","TLS",0.154083357310182,"610"
"3567","YEM",0.585140601870905,"610"
"3568","BGD",0.65817065292317,"610"
"3569","BRN",0.193390168146835,"610"
"3570","KHM",0.180570435598244,"610"
"3571","CHN",0.22486663988036,"610"
"3572","DJI",0.147518604129841,"610"
"3573","EGY",0.312629593659672,"610"
"3574","IND",0.548191217354521,"610"
"3575","IRN",0.390704679221187,"610"
"3576","IRQ",0.181876753017582,"610"
"3577","KWT",0.639907837847185,"610"
"3578","MDG",0.835097315543794,"610"
"3579","MMR",0.621999159938118,"610"
"3580","SGP",0.170030155405516,"610"
"3581","SOM",0.640695211192431,"610"
"3582","LKA",0.765303351901005,"610"
"3583","TWN",0.161468126804705,"610"
"3584","TZA",0.824605044767122,"610"
"3585","TLS",0.702244684430334,"610"
"3586","VNM",0.332089282641971,"610"
"3587","YEM",0.591695920415267,"610"
"3588","SLB",0.710098436060508,"610"
"3589","BRA",0.793286997379935,"610"
"3590","COL",0.845052947683741,"610"
"3591","CRI",0.542649807470393,"610"
"3592","DOM",0.305610011279078,"610"
"3593","GUF",0.674907431587847,"610"
"3594","GIN",0.197604607263489,"610"
"3595","GUY",0.334105452329878,"610"
"3596","HTI",0.202661152308171,"610"
"3597","PAN",0.814500987499965,"610"
"3598","SUR",0.725514194112737,"610"
"3599","VEN",0.369617992310778,"610"
"3600","BHS",0.77730645072319,"619"
"3601","CUB",0.929423382201025,"619"
"3602","DOM",0.270946093522362,"619"
"3603","HTI",0.176311206097027,"619"
"3604","JAM",0.0423672948897725,"619"
"3605","MEX",0.851981016772498,"619"
"3606","BRN",0.0529880320946754,"619"
"3607","CHN",0.170466000021649,"619"
"3608","KEN",0.436128721584496,"619"
"3609","MMR",0.538677121793223,"619"
"3610","LKA",0.85608783506728,"619"
"3611","TWN",0.124245707902718,"619"
"3612","TZA",0.910543663466693,"619"
"3613","TLS",0.119242788908381,"619"
"3614","VNM",0.295215459510667,"619"
"3615","SLV",0.134953549004108,"619"
"3616","KHM",0.116837949962832,"619"
"3617","CHN",0.170097968461603,"619"
"3618","JPN",0.159172279351046,"619"
"3619","KOR",0.25545702222751,"619"
"3620","OMN",0.136093648521859,"619"
"3621","SGP",0.0961759203230365,"619"
"3622","SOM",0.745523966996263,"619"
"3623","TWN",0.115825003982955,"619"
"3624","THA",0.183401206989849,"619"
"3625","TLS",0.127764283304761,"619"
"3626","YEM",0.645469660482613,"619"
"3627","BGD",0.743020619221895,"619"
"3628","BRN",0.158779948694873,"619"
"3629","KHM",0.162733980754703,"619"
"3630","CHN",0.184216171382704,"619"
"3631","DJI",0.131918078261654,"619"
"3632","EGY",0.235608442566786,"619"
"3633","IND",0.602493769452887,"619"
"3634","IRN",0.344911833172885,"619"
"3635","IRQ",0.179562978603183,"619"
"3636","KWT",0.697330550383093,"619"
"3637","MDG",0.885991283963799,"619"
"3638","MMR",0.634351843534825,"619"
"3639","SGP",0.111307795757373,"619"
"3640","SOM",0.747821319212395,"619"
"3641","LKA",0.833898074329352,"619"
"3642","TWN",0.116215547725575,"619"
"3643","TZA",0.899220524267654,"619"
"3644","TLS",0.730213027616927,"619"
"3645","VNM",0.308719854976233,"619"
"3646","YEM",0.657885828648805,"619"
"3647","SLB",0.763904853074829,"619"
"3648","BRA",0.842360092724893,"619"
"3649","COL",0.883929926450409,"619"
"3650","CRI",0.600684894501628,"619"
"3651","DOM",0.283235720246636,"619"
"3652","GUF",0.728026497173473,"619"
"3653","GIN",0.133553895287162,"619"
"3654","GUY",0.251156345964617,"619"
"3655","HTI",0.164717454476393,"619"
"3656","PAN",0.863376900399142,"619"
"3657","SUR",0.758079614092774,"619"
"3658","VEN",0.329248886497674,"619"
"3659","BHS",0.71298446351075,"629"
"3660","CUB",0.841870380048646,"629"
"3661","DOM",0.293554883864929,"629"
"3662","HTI",0.21836638369005,"629"
"3663","JAM",0.0903181390731415,"629"
"3664","MEX",0.755102273683482,"629"
"3665","BRN",0.0995195769347177,"629"
"3666","CHN",0.252186475052594,"629"
"3667","KEN",0.354771756176665,"629"
"3668","MMR",0.502558386758428,"629"
"3669","LKA",0.706462845199567,"629"
"3670","TWN",0.202241018987035,"629"
"3671","TZA",0.832378347303519,"629"
"3672","TLS",0.177452021442566,"629"
"3673","VNM",0.343647326664627,"629"
"3674","SLV",0.199858199230503,"629"
"3675","KHM",0.161224923947111,"629"
"3676","CHN",0.249825157588943,"629"
"3677","JPN",0.250115520171895,"629"
"3678","KOR",0.335056591932623,"629"
"3679","OMN",0.167023260178931,"629"
"3680","SGP",0.181916046479664,"629"
"3681","SOM",0.646970925136241,"629"
"3682","TWN",0.193736244443038,"629"
"3683","THA",0.26619239430806,"629"
"3684","TLS",0.184252642289139,"629"
"3685","YEM",0.54632917133638,"629"
"3686","BGD",0.61811165625646,"629"
"3687","BRN",0.228917212986668,"629"
"3688","KHM",0.200081456841356,"629"
"3689","CHN",0.254668411472851,"629"
"3690","DJI",0.161576728435158,"629"
"3691","EGY",0.358538558056234,"629"
"3692","IND",0.531716658094909,"629"
"3693","IRN",0.358287447077426,"629"
"3694","IRQ",0.188977759046452,"629"
"3695","KWT",0.586013549085553,"629"
"3696","MDG",0.814260021642887,"629"
"3697","MMR",0.567288347952421,"629"
"3698","SGP",0.186830647434318,"629"
"3699","SOM",0.646736403533071,"629"
"3700","LKA",0.687249016351861,"629"
"3701","TWN",0.189559570031011,"629"
"3702","TZA",0.818440135994632,"629"
"3703","TLS",0.679377873225464,"629"
"3704","VNM",0.344529120534131,"629"
"3705","YEM",0.541825283331776,"629"
"3706","SLB",0.717480162243554,"629"
"3707","BRA",0.735259898305185,"629"
"3708","COL",0.814615477063415,"629"
"3709","CRI",0.461480109050516,"629"
"3710","DOM",0.302102397006385,"629"
"3711","GUF",0.652775906451336,"629"
"3712","GIN",0.216184606495445,"629"
"3713","GUY",0.336903151388363,"629"
"3714","HTI",0.21435333118364,"629"
"3715","PAN",0.766578278471306,"629"
"3716","SUR",0.663502587962172,"629"
"3717","VEN",0.396604606978027,"629"
"3718","BHS",0.693023009030362,"638"
"3719","CUB",0.871811087868861,"638"
"3720","DOM",0.278786896737658,"638"
"3721","HTI",0.209534476216201,"638"
"3722","JAM",0.0735709793743623,"638"
"3723","MEX",0.751992776782759,"638"
"3724","BRN",0.0858187049511749,"638"
"3725","CHN",0.209926204231984,"638"
"3726","KEN",0.389623841119933,"638"
"3727","MMR",0.500507995748021,"638"
"3728","LKA",0.743542747788201,"638"
"3729","TWN",0.169892506371236,"638"
"3730","TZA",0.85273641147892,"638"
"3731","TLS",0.167770701742806,"638"
"3732","VNM",0.333573355956494,"638"
"3733","SLV",0.200975346583296,"638"
"3734","KHM",0.148649632558314,"638"
"3735","CHN",0.208265010219835,"638"
"3736","JPN",0.20660072710632,"638"
"3737","KOR",0.296396789038814,"638"
"3738","OMN",0.149708319906494,"638"
"3739","SGP",0.158765732111373,"638"
"3740","SOM",0.663306766203032,"638"
"3741","TWN",0.168010397496017,"638"
"3742","THA",0.229171243505251,"638"
"3743","TLS",0.183308081068554,"638"
"3744","YEM",0.580498802002066,"638"
"3745","BGD",0.667222554783969,"638"
"3746","BRN",0.208493791294879,"638"
"3747","KHM",0.18411728085895,"638"
"3748","CHN",0.228137003389922,"638"
"3749","DJI",0.168492403194016,"638"
"3750","EGY",0.329185153989464,"638"
"3751","IND",0.520859691393243,"638"
"3752","IRN",0.377289609975413,"638"
"3753","IRQ",0.180456745844748,"638"
"3754","KWT",0.610873882770025,"638"
"3755","MDG",0.835197927553333,"638"
"3756","MMR",0.578645856090348,"638"
"3757","SGP",0.177523046004599,"638"
"3758","SOM",0.669448010644008,"638"
"3759","LKA",0.734558684937709,"638"
"3760","TWN",0.176957923740988,"638"
"3761","TZA",0.848061155198217,"638"
"3762","TLS",0.691930677016147,"638"
"3763","VNM",0.356235437642948,"638"
"3764","YEM",0.586607130336346,"638"
"3765","SLB",0.740620695761201,"638"
"3766","BRA",0.759533856875326,"638"
"3767","COL",0.841276143152045,"638"
"3768","CRI",0.499008045306638,"638"
"3769","DOM",0.290164929336314,"638"
"3770","GUF",0.666872866673827,"638"
"3771","GIN",0.181108031657292,"638"
"3772","GUY",0.317758473033651,"638"
"3773","HTI",0.202171163309707,"638"
"3774","PAN",0.79548783111259,"638"
"3775","SUR",0.702160364966266,"638"
"3776","VEN",0.358568807405764,"638"
"3777","BHS",0.736898764462353,"647"
"3778","CUB",0.892433734352955,"647"
"3779","DOM",0.290518775404741,"647"
"3780","HTI",0.203372965828784,"647"
"3781","JAM",0.0629000439821988,"647"
"3782","MEX",0.802561026074183,"647"
"3783","BRN",0.0770056436200281,"647"
"3784","CHN",0.189580403270834,"647"
"3785","KEN",0.398831653275685,"647"
"3786","MMR",0.527908099204877,"647"
"3787","LKA",0.805583207091887,"647"
"3788","TWN",0.173087639787013,"647"
"3789","TZA",0.879960707372344,"647"
"3790","TLS",0.134695221830481,"647"
"3791","VNM",0.310490761984885,"647"
"3792","SLV",0.174973215902177,"647"
"3793","KHM",0.124837617481792,"647"
"3794","CHN",0.190942039073972,"647"
"3795","JPN",0.194133037127746,"647"
"3796","KOR",0.291255714862269,"647"
"3797","OMN",0.169699523704626,"647"
"3798","SGP",0.138692215828695,"647"
"3799","SOM",0.688214644684801,"647"
"3800","TWN",0.161919891645452,"647"
"3801","THA",0.226112980970333,"647"
"3802","TLS",0.142646026772184,"647"
"3803","YEM",0.591242262703018,"647"
"3804","BGD",0.685469648340209,"647"
"3805","BRN",0.197274503465229,"647"
"3806","KHM",0.17308705534014,"647"
"3807","CHN",0.209437786611846,"647"
"3808","DJI",0.142481750079437,"647"
"3809","EGY",0.284411851120942,"647"
"3810","IND",0.585792948309535,"647"
"3811","IRN",0.38141541287736,"647"
"3812","IRQ",0.185469195796556,"647"
"3813","KWT",0.642475638938347,"647"
"3814","MDG",0.860120341939654,"647"
"3815","MMR",0.618963278347049,"647"
"3816","SGP",0.158095235868629,"647"
"3817","SOM",0.692167364246324,"647"
"3818","LKA",0.775076766843768,"647"
"3819","TWN",0.159049292464739,"647"
"3820","TZA",0.868897859559022,"647"
"3821","TLS",0.704005979970293,"647"
"3822","VNM",0.330119517128137,"647"
"3823","YEM",0.600290873239278,"647"
"3824","SLB",0.733193316521384,"647"
"3825","BRA",0.817031271230716,"647"
"3826","COL",0.858622537739072,"647"
"3827","CRI",0.592239392458611,"647"
"3828","DOM",0.303581665174326,"647"
"3829","GUF",0.679085041004515,"647"
"3830","GIN",0.168155903424155,"647"
"3831","GUY",0.264454284616001,"647"
"3832","HTI",0.199317153297338,"647"
"3833","PAN",0.840140518237956,"647"
"3834","SUR",0.721018313351156,"647"
"3835","VEN",0.377550368714998,"647"
"3836","BHS",0.75249216124096,"656"
"3837","CUB",0.928511675114876,"656"
"3838","DOM",0.278552086790187,"656"
"3839","HTI",0.162624746374327,"656"
"3840","JAM",0.0393718763952346,"656"
"3841","MEX",0.841170238125892,"656"
"3842","BRN",0.0511423742277171,"656"
"3843","CHN",0.172696599854931,"656"
"3844","KEN",0.44467691995905,"656"
"3845","MMR",0.54726620861707,"656"
"3846","LKA",0.859837046251267,"656"
"3847","TWN",0.1515163213351,"656"
"3848","TZA",0.901099538240696,"656"
"3849","TLS",0.119738619600479,"656"
"3850","VNM",0.295007654826457,"656"
"3851","SLV",0.124423967253138,"656"
"3852","KHM",0.102284531063048,"656"
"3853","CHN",0.172696599854931,"656"
"3854","JPN",0.160101154809381,"656"
"3855","KOR",0.266382888500538,"656"
"3856","OMN",0.149227312032777,"656"
"3857","SGP",0.0852554128599277,"656"
"3858","SOM",0.720077616509688,"656"
"3859","TWN",0.138265471867238,"656"
"3860","THA",0.193085007643483,"656"
"3861","TLS",0.139131542708581,"656"
"3862","YEM",0.647119334403786,"656"
"3863","BGD",0.726855543710135,"656"
"3864","BRN",0.15733976591062,"656"
"3865","KHM",0.155204711447234,"656"
"3866","CHN",0.195100924509507,"656"
"3867","DJI",0.139072108803094,"656"
"3868","EGY",0.218497503620469,"656"
"3869","IND",0.596798631695973,"656"
"3870","IRN",0.416975729602134,"656"
"3871","IRQ",0.183234714372032,"656"
"3872","KWT",0.710427555306863,"656"
"3873","MDG",0.885460310566072,"656"
"3874","MMR",0.659738876066814,"656"
"3875","SGP",0.108270167134865,"656"
"3876","SOM",0.739116116961931,"656"
"3877","LKA",0.843007948984462,"656"
"3878","TWN",0.142381236100583,"656"
"3879","TZA",0.892423282686232,"656"
"3880","TLS",0.736069963868182,"656"
"3881","VNM",0.330738536683193,"656"
"3882","YEM",0.659121975696335,"656"
"3883","SLB",0.73574386377171,"656"
"3884","BRA",0.837547268041265,"656"
"3885","COL",0.888145980111831,"656"
"3886","CRI",0.639728868183376,"656"
"3887","DOM",0.303945187153544,"656"
"3888","GUF",0.711941903997616,"656"
"3889","GIN",0.10782160985097,"656"
"3890","GUY",0.205386903283037,"656"
"3891","HTI",0.153986719030623,"656"
"3892","PAN",0.873586554776818,"656"
"3893","SUR",0.742669000418351,"656"
"3894","VEN",0.346471242041597,"656"
"3895","BHS",0.764569821846356,"666"
"3896","CUB",0.906398846304055,"666"
"3897","DOM",0.290032435407636,"666"
"3898","HTI",0.169341534413219,"666"
"3899","JAM",0.0482923609010457,"666"
"3900","MEX",0.834423607494914,"666"
"3901","BRN",0.0580478858827111,"666"
"3902","CHN",0.190801971433484,"666"
"3903","KEN",0.399632069388229,"666"
"3904","MMR",0.536197303482364,"666"
"3905","LKA",0.846124180036359,"666"
"3906","TWN",0.159325957830523,"666"
"3907","TZA",0.898610301183428,"666"
"3908","TLS",0.12453770981474,"666"
"3909","VNM",0.299626732205116,"666"
"3910","SLV",0.153881572211348,"666"
"3911","KHM",0.101788654499529,"666"
"3912","CHN",0.192561696625585,"666"
"3913","JPN",0.186042480054287,"666"
"3914","KOR",0.288697061859314,"666"
"3915","OMN",0.145046436528868,"666"
"3916","SGP",0.105912395809629,"666"
"3917","SOM",0.721967907271588,"666"
"3918","TWN",0.144979820245439,"666"
"3919","THA",0.211388247186913,"666"
"3920","TLS",0.138316543098014,"666"
"3921","YEM",0.61298076669159,"666"
"3922","BGD",0.683292064869994,"666"
"3923","BRN",0.166692525149087,"666"
"3924","KHM",0.148476430689528,"666"
"3925","CHN",0.210306704637984,"666"
"3926","DJI",0.12066809409777,"666"
"3927","EGY",0.273914310903594,"666"
"3928","IND",0.56983968687681,"666"
"3929","IRN",0.376215139054474,"666"
"3930","IRQ",0.148662597108582,"666"
"3931","KWT",0.681009013401538,"666"
"3932","MDG",0.882196630281916,"666"
"3933","MMR",0.623199123068067,"666"
"3934","SGP",0.123818330318619,"666"
"3935","SOM",0.72526058467756,"666"
"3936","LKA",0.827407198972832,"666"
"3937","TWN",0.141427756647677,"666"
"3938","TZA",0.884540628784479,"666"
"3939","TLS",0.765496466083665,"666"
"3940","VNM",0.318716118947774,"666"
"3941","YEM",0.62388309709371,"666"
"3942","SLB",0.768697362166106,"666"
"3943","BRA",0.834543431826878,"666"
"3944","COL",0.8858021437475,"666"
"3945","CRI",0.599367068797524,"666"
"3946","DOM",0.301397601420319,"666"
"3947","GUF",0.72080119283231,"666"
"3948","GIN",0.118914435124374,"666"
"3949","GUY",0.255648090631822,"666"
"3950","HTI",0.153071973854608,"666"
"3951","PAN",0.855487845412501,"666"
"3952","SUR",0.751164967665719,"666"
"3953","VEN",0.359046658829464,"666"
"3954","BHS",0.742054454406282,"676"
"3955","CUB",0.887420033479395,"676"
"3956","DOM",0.274914778884932,"676"
"3957","HTI",0.18562519902197,"676"
"3958","JAM",0.0666344573451763,"676"
"3959","MEX",0.775227535032838,"676"
"3960","BRN",0.076816746273997,"676"
"3961","CHN",0.189646677568856,"676"
"3962","KEN",0.388435813950227,"676"
"3963","MMR",0.513364423124482,"676"
"3964","LKA",0.781704404408076,"676"
"3965","TWN",0.179715620200352,"676"
"3966","TZA",0.854171419332162,"676"
"3967","TLS",0.161297519683152,"676"
"3968","VNM",0.335006652958727,"676"
"3969","SLV",0.181657696241628,"676"
"3970","KHM",0.133344359636946,"676"
"3971","CHN",0.191166343119668,"676"
"3972","JPN",0.208427194399958,"676"
"3973","KOR",0.277890805518137,"676"
"3974","OMN",0.173536946123891,"676"
"3975","SGP",0.148489756933496,"676"
"3976","SOM",0.650337928386543,"676"
"3977","TWN",0.174491237417074,"676"
"3978","THA",0.21826444448653,"676"
"3979","TLS",0.174606274074607,"676"
"3980","YEM",0.567321641484766,"676"
"3981","BGD",0.654043699526205,"676"
"3982","BRN",0.206662449268943,"676"
"3983","KHM",0.190198924292384,"676"
"3984","CHN",0.204050904558823,"676"
"3985","DJI",0.143364475503873,"676"
"3986","EGY",0.30661628260041,"676"
"3987","IND",0.537351218484557,"676"
"3988","IRN",0.370310398475517,"676"
"3989","IRQ",0.183902282816516,"676"
"3990","KWT",0.646505107119656,"676"
"3991","MDG",0.844999230134259,"676"
"3992","MMR",0.575308410424603,"676"
"3993","SGP",0.158471624243849,"676"
"3994","SOM",0.654864498343965,"676"
"3995","LKA",0.754057345511035,"676"
"3996","TWN",0.170704999800064,"676"
"3997","TZA",0.836633875170985,"676"
"3998","TLS",0.706043979967194,"676"
"3999","VNM",0.338426360429776,"676"
"4000","YEM",0.574166899169444,"676"
"4001","SLB",0.752687897684101,"676"
"4002","BRA",0.79017410735565,"676"
"4003","COL",0.85087984703662,"676"
"4004","CRI",0.522304782731077,"676"
"4005","DOM",0.285369694295016,"676"
"4006","GUF",0.679082555472274,"676"
"4007","GIN",0.177314080693405,"676"
"4008","GUY",0.296692064040516,"676"
"4009","HTI",0.175063526558452,"676"
"4010","PAN",0.811033150087654,"676"
"4011","SUR",0.70637509908721,"676"
"4012","VEN",0.368018951755297,"676"
"4013","BHS",0.743823741438902,"683"
"4014","CUB",0.888296782377276,"683"
"4015","DOM",0.285956209465397,"683"
"4016","HTI",0.197927107687868,"683"
"4017","JAM",0.0646283607021583,"683"
"4018","MEX",0.804921267281828,"683"
"4019","BRN",0.0696002302233832,"683"
"4020","CHN",0.219243687938679,"683"
"4021","KEN",0.401341764004854,"683"
"4022","MMR",0.549872808020119,"683"
"4023","LKA",0.808142518981096,"683"
"4024","TWN",0.179587537598794,"683"
"4025","TZA",0.881123555926371,"683"
"4026","TLS",0.133700305698394,"683"
"4027","VNM",0.314654632909857,"683"
"4028","SLV",0.166105369569913,"683"
"4029","KHM",0.124968700038615,"683"
"4030","CHN",0.22121709273766,"683"
"4031","JPN",0.206243161719558,"683"
"4032","KOR",0.293653511658203,"683"
"4033","OMN",0.165645736027241,"683"
"4034","SGP",0.141864415534707,"683"
"4035","SOM",0.692529378947947,"683"
"4036","TWN",0.170429917611262,"683"
"4037","THA",0.219650466245448,"683"
"4038","TLS",0.144159767952829,"683"
"4039","YEM",0.597474110197643,"683"
"4040","BGD",0.694713824017906,"683"
"4041","BRN",0.17183466298197,"683"
"4042","KHM",0.167846046676737,"683"
"4043","CHN",0.232211636351336,"683"
"4044","DJI",0.13653213265199,"683"
"4045","EGY",0.280279569794903,"683"
"4046","IND",0.561184980268529,"683"
"4047","IRN",0.367354946085037,"683"
"4048","IRQ",0.191280937172338,"683"
"4049","KWT",0.637978213476659,"683"
"4050","MDG",0.858420447811863,"683"
"4051","MMR",0.622460736379973,"683"
"4052","SGP",0.156890833133936,"683"
"4053","SOM",0.696363968816294,"683"
"4054","LKA",0.783234056775467,"683"
"4055","TWN",0.169414880318212,"683"
"4056","TZA",0.864355662937502,"683"
"4057","TLS",0.694734016165874,"683"
"4058","VNM",0.33410666339016,"683"
"4059","YEM",0.607889503768681,"683"
"4060","SLB",0.756523932712421,"683"
"4061","BRA",0.796935180176345,"683"
"4062","COL",0.862556754934819,"683"
"4063","CRI",0.574490303622593,"683"
"4064","DOM",0.292648378838688,"683"
"4065","GUF",0.690721209125975,"683"
"4066","GIN",0.174282728058014,"683"
"4067","GUY",0.31168961875297,"683"
"4068","HTI",0.186833865942323,"683"
"4069","PAN",0.837669836957156,"683"
"4070","SUR",0.74429093697936,"683"
"4071","VEN",0.376886904796561,"683"
"4072","BHS",0.757796780467103,"692"
"4073","CUB",0.920834439242008,"692"
"4074","DOM",0.287310208883788,"692"
"4075","HTI",0.172489242587291,"692"
"4076","JAM",0.0426028782883582,"692"
"4077","MEX",0.823132170453553,"692"
"4078","BRN",0.0520302537413793,"692"
"4079","CHN",0.182272005136886,"692"
"4080","KEN",0.418782183295746,"692"
"4081","MMR",0.552241270447331,"692"
"4082","LKA",0.850375977164811,"692"
"4083","TWN",0.138081903823684,"692"
"4084","TZA",0.894923525575212,"692"
"4085","TLS",0.13184796911279,"692"
"4086","VNM",0.308040348957549,"692"
"4087","SLV",0.133494498884882,"692"
"4088","KHM",0.122095113213276,"692"
"4089","CHN",0.180593572141967,"692"
"4090","JPN",0.165023129522625,"692"
"4091","KOR",0.270178326811213,"692"
"4092","OMN",0.139370767697633,"692"
"4093","SGP",0.104981797629515,"692"
"4094","SOM",0.724577371241047,"692"
"4095","TWN",0.13289874216264,"692"
"4096","THA",0.189917355509467,"692"
"4097","TLS",0.144060894964254,"692"
"4098","YEM",0.624131451543484,"692"
"4099","BGD",0.711128771362472,"692"
"4100","BRN",0.149982110878871,"692"
"4101","KHM",0.16572594508779,"692"
"4102","CHN",0.202008568311556,"692"
"4103","DJI",0.133235490526212,"692"
"4104","EGY",0.262395270679888,"692"
"4105","IND",0.5739194508357,"692"
"4106","IRN",0.396571872283207,"692"
"4107","IRQ",0.169800588089119,"692"
"4108","KWT",0.68569804612433,"692"
"4109","MDG",0.866037044097539,"692"
"4110","MMR",0.642536421876318,"692"
"4111","SGP",0.122517472140205,"692"
"4112","SOM",0.732022825276082,"692"
"4113","LKA",0.836335512047459,"692"
"4114","TWN",0.141114919220814,"692"
"4115","TZA",0.875775598814345,"692"
"4116","TLS",0.745299751347381,"692"
"4117","VNM",0.325535834200353,"692"
"4118","YEM",0.636914304093315,"692"
"4119","SLB",0.777918843047772,"692"
"4120","BRA",0.828977221361001,"692"
"4121","COL",0.892871561768052,"692"
"4122","CRI",0.607931161595977,"692"
"4123","DOM",0.290689886765694,"692"
"4124","GUF",0.683605990619073,"692"
"4125","GIN",0.136595240635496,"692"
"4126","GUY",0.236030184326805,"692"
"4127","HTI",0.160452412491743,"692"
"4128","PAN",0.859290270126225,"692"
"4129","SUR",0.765301163879324,"692"
"4130","VEN",0.388592888469096,"692"
"4131","BHS",0.729399580736007,"704"
"4132","CUB",0.896146675806252,"704"
"4133","DOM",0.263158666847421,"704"
"4134","HTI",0.177192502265266,"704"
"4135","JAM",0.0551620785220568,"704"
"4136","MEX",0.81753961776237,"704"
"4137","BRN",0.0687234771658313,"704"
"4138","CHN",0.193260001111901,"704"
"4139","KEN",0.427019543501648,"704"
"4140","MMR",0.520708477649507,"704"
"4141","LKA",0.81514206014362,"704"
"4142","TWN",0.161472533589228,"704"
"4143","TZA",0.875544844972834,"704"
"4144","TLS",0.15713264636497,"704"
"4145","VNM",0.331947153272927,"704"
"4146","SLV",0.158959196291122,"704"
"4147","KHM",0.124180111829861,"704"
"4148","CHN",0.195482066937227,"704"
"4149","JPN",0.191726871903376,"704"
"4150","KOR",0.306855362612218,"704"
"4151","OMN",0.158992302872316,"704"
"4152","SGP",0.133779155295758,"704"
"4153","SOM",0.678800968909064,"704"
"4154","TWN",0.154378980882041,"704"
"4155","THA",0.230870502392775,"704"
"4156","TLS",0.174923659226426,"704"
"4157","YEM",0.616997293855753,"704"
"4158","BGD",0.705130803881785,"704"
"4159","BRN",0.175771729031248,"704"
"4160","KHM",0.167627573202027,"704"
"4161","CHN",0.20660428187391,"704"
"4162","DJI",0.140465930632676,"704"
"4163","EGY",0.310666383105733,"704"
"4164","IND",0.528019939321237,"704"
"4165","IRN",0.374566455178182,"704"
"4166","IRQ",0.165456849220939,"704"
"4167","KWT",0.629700687359571,"704"
"4168","MDG",0.853403921162757,"704"
"4169","MMR",0.61204010641727,"704"
"4170","SGP",0.144797437455676,"704"
"4171","SOM",0.682103823027875,"704"
"4172","LKA",0.795513343427313,"704"
"4173","TWN",0.148912886687956,"704"
"4174","TZA",0.862277071148136,"704"
"4175","TLS",0.750150684402502,"704"
"4176","VNM",0.344121313125903,"704"
"4177","YEM",0.621280838441462,"704"
"4178","SLB",0.762978718396622,"704"
"4179","BRA",0.800978048798167,"704"
"4180","COL",0.860648048070848,"704"
"4181","CRI",0.567653040646386,"704"
"4182","DOM",0.2712558679416,"704"
"4183","GUF",0.701995110818059,"704"
"4184","GIN",0.153056035117512,"704"
"4185","GUY",0.249506488661576,"704"
"4186","HTI",0.168368365542719,"704"
"4187","PAN",0.825187966085766,"704"
"4188","SUR",0.722758897395512,"704"
"4189","VEN",0.411383936078568,"704"
"4190","BHS",0.732448087142852,"713"
"4191","CUB",0.899188579826555,"713"
"4192","DOM",0.26258197377688,"713"
"4193","HTI",0.171051781661678,"713"
"4194","JAM",0.0559135073989392,"713"
"4195","MEX",0.809994959274559,"713"
"4196","BRN",0.0676809575544993,"713"
"4197","CHN",0.203321594436094,"713"
"4198","KEN",0.38883533727274,"713"
"4199","MMR",0.509135794162378,"713"
"4200","LKA",0.814451020373254,"713"
"4201","TWN",0.167633424890198,"713"
"4202","TZA",0.876649862297311,"713"
"4203","TLS",0.140775566044137,"713"
"4204","VNM",0.338891599828165,"713"
"4205","SLV",0.170172213871905,"713"
"4206","KHM",0.121506746581493,"713"
"4207","CHN",0.204305714316257,"713"
"4208","JPN",0.195737757465656,"713"
"4209","KOR",0.295186236536327,"713"
"4210","OMN",0.160528672054849,"713"
"4211","SGP",0.156191134617804,"713"
"4212","SOM",0.667630651623287,"713"
"4213","TWN",0.159032306536413,"713"
"4214","THA",0.212365323603732,"713"
"4215","TLS",0.162605569673678,"713"
"4216","YEM",0.596989490735627,"713"
"4217","BGD",0.677314781126935,"713"
"4218","BRN",0.185397058211008,"713"
"4219","KHM",0.161083889657173,"713"
"4220","CHN",0.21630361658755,"713"
"4221","DJI",0.138652726726549,"713"
"4222","EGY",0.307913871282721,"713"
"4223","IND",0.561406329922093,"713"
"4224","IRN",0.395821756316479,"713"
"4225","IRQ",0.172640915780711,"713"
"4226","KWT",0.634310296703015,"713"
"4227","MDG",0.863692513042225,"713"
"4228","MMR",0.607037373003324,"713"
"4229","SGP",0.170496310839729,"713"
"4230","SOM",0.67236496043915,"713"
"4231","LKA",0.794524762488566,"713"
"4232","TWN",0.150029909724848,"713"
"4233","TZA",0.861564669039806,"713"
"4234","TLS",0.71250910984685,"713"
"4235","VNM",0.356082707938199,"713"
"4236","YEM",0.601013695329567,"713"
"4237","SLB",0.745351169272215,"713"
"4238","BRA",0.794925808025337,"713"
"4239","COL",0.861411100038836,"713"
"4240","CRI",0.53716262073687,"713"
"4241","DOM",0.294148798198975,"713"
"4242","GUF",0.688582830870176,"713"
"4243","GIN",0.147326920902416,"713"
"4244","GUY",0.281419207595113,"713"
"4245","HTI",0.165696348756221,"713"
"4246","PAN",0.836586329993405,"713"
"4247","SUR",0.739395991280548,"713"
"4248","VEN",0.390210948870212,"713"
"4249","BHS",0.746584686725942,"723"
"4250","CUB",0.89132314741251,"723"
"4251","DOM",0.273917879510387,"723"
"4252","HTI",0.168938948219296,"723"
"4253","JAM",0.0588466915724537,"723"
"4254","MEX",0.778378361232548,"723"
"4255","BRN",0.0709819687973702,"723"
"4256","CHN",0.209480893954034,"723"
"4257","KEN",0.38491363039381,"723"
"4258","MMR",0.553034794275872,"723"
"4259","LKA",0.797688632538161,"723"
"4260","TWN",0.160139560853704,"723"
"4261","TZA",0.862680396602302,"723"
"4262","TLS",0.137011613028873,"723"
"4263","VNM",0.362823419073959,"723"
"4264","SLV",0.155516524839129,"723"
"4265","KHM",0.127914909008788,"723"
"4266","CHN",0.209612957205149,"723"
"4267","JPN",0.180564699054049,"723"
"4268","KOR",0.285094917183937,"723"
"4269","OMN",0.147591119855513,"723"
"4270","SGP",0.122143865829132,"723"
"4271","SOM",0.685566927226609,"723"
"4272","TWN",0.152082895731363,"723"
"4273","THA",0.220283663044445,"723"
"4274","TLS",0.149113500056577,"723"
"4275","YEM",0.611277290550239,"723"
"4276","BGD",0.681171725082055,"723"
"4277","BRN",0.17673804409936,"723"
"4278","KHM",0.186160445030952,"723"
"4279","CHN",0.225825857437171,"723"
"4280","DJI",0.132299413545899,"723"
"4281","EGY",0.282526738570273,"723"
"4282","IND",0.567211968535784,"723"
"4283","IRN",0.37865508486545,"723"
"4284","IRQ",0.173213591988746,"723"
"4285","KWT",0.638827828170289,"723"
"4286","MDG",0.849060012521374,"723"
"4287","MMR",0.648291581205912,"723"
"4288","SGP",0.13994896993396,"723"
"4289","SOM",0.696167750993779,"723"
"4290","LKA",0.782126971305673,"723"
"4291","TWN",0.154977800385007,"723"
"4292","TZA",0.847640706946061,"723"
"4293","TLS",0.690587678727515,"723"
"4294","VNM",0.385984110065089,"723"
"4295","YEM",0.622317315959902,"723"
"4296","SLB",0.725708145783611,"723"
"4297","BRA",0.804416162410845,"723"
"4298","COL",0.853170095918456,"723"
"4299","CRI",0.522987975044405,"723"
"4300","DOM",0.279326967936333,"723"
"4301","GUF",0.666551814068496,"723"
"4302","GIN",0.15255340378779,"723"
"4303","GUY",0.264717744136719,"723"
"4304","HTI",0.158922997952056,"723"
"4305","PAN",0.825868581612473,"723"
"4306","SUR",0.732912552815733,"723"
"4307","VEN",0.387418942330433,"723"
"4308","BHS",0.781388509704188,"733"
"4309","CUB",0.907660867389071,"733"
"4310","DOM",0.27567731165193,"733"
"4311","HTI",0.18046089587064,"733"
"4312","JAM",0.0544346714302496,"733"
"4313","MEX",0.814726797216973,"733"
"4314","BRN",0.069464132731012,"733"
"4315","CHN",0.196465630652244,"733"
"4316","KEN",0.388676817860404,"733"
"4317","MMR",0.542071994713389,"733"
"4318","LKA",0.814184893109492,"733"
"4319","TWN",0.138257177391618,"733"
"4320","TZA",0.889266003102003,"733"
"4321","TLS",0.133289834813829,"733"
"4322","VNM",0.314467862538201,"733"
"4323","SLV",0.148310891713248,"733"
"4324","KHM",0.117547668877938,"733"
"4325","CHN",0.197221442061198,"733"
"4326","JPN",0.175551032304601,"733"
"4327","KOR",0.279590112933714,"733"
"4328","OMN",0.147691481828911,"733"
"4329","SGP",0.113011840188411,"733"
"4330","SOM",0.707482558663118,"733"
"4331","TWN",0.134976265595416,"733"
"4332","THA",0.213003629493659,"733"
"4333","TLS",0.144355915546091,"733"
"4334","YEM",0.611168846402946,"733"
"4335","BGD",0.677774963342084,"733"
"4336","BRN",0.202648434261577,"733"
"4337","KHM",0.169844982353473,"733"
"4338","CHN",0.21856194671607,"733"
"4339","DJI",0.126035481515519,"733"
"4340","EGY",0.288848822041009,"733"
"4341","IND",0.560553510554353,"733"
"4342","IRN",0.374425200731449,"733"
"4343","IRQ",0.165850040759731,"733"
"4344","KWT",0.683884296539926,"733"
"4345","MDG",0.867742231935544,"733"
"4346","MMR",0.630576978719464,"733"
"4347","SGP",0.133023208141233,"733"
"4348","SOM",0.721889251670976,"733"
"4349","LKA",0.803551038272622,"733"
"4350","TWN",0.134603079045759,"733"
"4351","TZA",0.88054410008447,"733"
"4352","TLS",0.735904105419897,"733"
"4353","VNM",0.350330381154424,"733"
"4354","YEM",0.619768708702785,"733"
"4355","SLB",0.76087266406912,"733"
"4356","BRA",0.823093545955721,"733"
"4357","COL",0.878870106430905,"733"
"4358","CRI",0.586933083935415,"733"
"4359","DOM",0.291061671182712,"733"
"4360","GUF",0.715084818382234,"733"
"4361","GIN",0.154297573682722,"733"
"4362","GUY",0.285009850992884,"733"
"4363","HTI",0.168776486730278,"733"
"4364","PAN",0.855194589582173,"733"
"4365","SUR",0.768103125059771,"733"
"4366","VEN",0.362758168865419,"733"
"4367","BHS",0.745849721985299,"743"
"4368","CUB",0.890818987503158,"743"
"4369","DOM",0.258226486318815,"743"
"4370","HTI",0.177537758948984,"743"
"4371","JAM",0.059009876235535,"743"
"4372","MEX",0.778223706147581,"743"
"4373","BRN",0.0735838821496405,"743"
"4374","CHN",0.207595204479287,"743"
"4375","KEN",0.391992957832955,"743"
"4376","MMR",0.530419557092985,"743"
"4377","LKA",0.813719219502007,"743"
"4378","TWN",0.152955329524196,"743"
"4379","TZA",0.868629440254807,"743"
"4380","TLS",0.138911191513562,"743"
"4381","VNM",0.324962935787084,"743"
"4382","SLV",0.157473466791084,"743"
"4383","KHM",0.118867260161885,"743"
"4384","CHN",0.209929350484405,"743"
"4385","JPN",0.187650972313114,"743"
"4386","KOR",0.285968090377957,"743"
"4387","OMN",0.152912613312692,"743"
"4388","SGP",0.128348238757082,"743"
"4389","SOM",0.681542250013059,"743"
"4390","TWN",0.150014290525524,"743"
"4391","THA",0.219322711388154,"743"
"4392","TLS",0.154598055633292,"743"
"4393","YEM",0.589002622113204,"743"
"4394","BGD",0.66943996391551,"743"
"4395","BRN",0.193170364198057,"743"
"4396","KHM",0.176139273013709,"743"
"4397","CHN",0.226420801904153,"743"
"4398","DJI",0.138317939610227,"743"
"4399","EGY",0.308754765803425,"743"
"4400","IND",0.551729606923733,"743"
"4401","IRN",0.378498596538844,"743"
"4402","IRQ",0.163812917462471,"743"
"4403","KWT",0.691832651676156,"743"
"4404","MDG",0.865852326415776,"743"
"4405","MMR",0.615609056150022,"743"
"4406","SGP",0.141183493237641,"743"
"4407","SOM",0.682472059536602,"743"
"4408","LKA",0.793540606479813,"743"
"4409","TWN",0.145727128825065,"743"
"4410","TZA",0.856205538754338,"743"
"4411","TLS",0.730847534129625,"743"
"4412","VNM",0.3519024971444,"743"
"4413","YEM",0.602835463845731,"743"
"4414","SLB",0.751647922271583,"743"
"4415","BRA",0.784336666231952,"743"
"4416","COL",0.865209214534197,"743"
"4417","CRI",0.485656725464749,"743"
"4418","DOM",0.279340332763624,"743"
"4419","GUF",0.674358921026557,"743"
"4420","GIN",0.154642123807615,"743"
"4421","GUY",0.293987939490046,"743"
"4422","HTI",0.163756959099991,"743"
"4423","PAN",0.820587200409372,"743"
"4424","SUR",0.729493009431795,"743"
"4425","VEN",0.373329487614239,"743"
"4426","BHS",0.721725238708491,"752"
"4427","CUB",0.861463307559081,"752"
"4428","DOM",0.30084218841718,"752"
"4429","HTI",0.195742028729789,"752"
"4430","JAM",0.0782540221638211,"752"
"4431","MEX",0.764621489791802,"752"
"4432","BRN",0.0932695673924721,"752"
"4433","CHN",0.230485996436145,"752"
"4434","KEN",0.381450823370022,"752"
"4435","MMR",0.526991070059433,"752"
"4436","LKA",0.768115116677631,"752"
"4437","TWN",0.171217973772066,"752"
"4438","TZA",0.848100559987997,"752"
"4439","TLS",0.168907892121285,"752"
"4440","VNM",0.342657095694403,"752"
"4441","SLV",0.203237231729923,"752"
"4442","KHM",0.133648185695101,"752"
"4443","CHN",0.228276078230092,"752"
"4444","JPN",0.215562300360786,"752"
"4445","KOR",0.302609598043974,"752"
"4446","OMN",0.148310686284843,"752"
"4447","SGP",0.173490971186291,"752"
"4448","SOM",0.668704522698571,"752"
"4449","TWN",0.162717289515621,"752"
"4450","THA",0.235937233666903,"752"
"4451","TLS",0.188747821134551,"752"
"4452","YEM",0.582122657678184,"752"
"4453","BGD",0.636724530844746,"752"
"4454","BRN",0.220949205846013,"752"
"4455","KHM",0.180409190435313,"752"
"4456","CHN",0.238496812955754,"752"
"4457","DJI",0.154882872548966,"752"
"4458","EGY",0.356121608165759,"752"
"4459","IND",0.535920711233781,"752"
"4460","IRN",0.365933784578256,"752"
"4461","IRQ",0.183787898796505,"752"
"4462","KWT",0.60687009484569,"752"
"4463","MDG",0.833288606596154,"752"
"4464","MMR",0.584989617008973,"752"
"4465","SGP",0.181792161924353,"752"
"4466","SOM",0.667029817845193,"752"
"4467","LKA",0.738879465346648,"752"
"4468","TWN",0.163226561600272,"752"
"4469","TZA",0.831199690565516,"752"
"4470","TLS",0.696542591209744,"752"
"4471","VNM",0.352597484348273,"752"
"4472","YEM",0.579185388064753,"752"
"4473","SLB",0.719402508017707,"752"
"4474","BRA",0.770904987310367,"752"
"4475","COL",0.834999042893448,"752"
"4476","CRI",0.472557020508347,"752"
"4477","DOM",0.330741491419514,"752"
"4478","GUF",0.675555675191025,"752"
"4479","GIN",0.181661019298891,"752"
"4480","GUY",0.335304787147539,"752"
"4481","HTI",0.189365729810961,"752"
"4482","PAN",0.799302154534805,"752"
"4483","SUR",0.702058230341426,"752"
"4484","VEN",0.406639312397945,"752"
"4485","BHS",0.741748023195151,"762"
"4486","CUB",0.916026400112142,"762"
"4487","DOM",0.264915208250103,"762"
"4488","HTI",0.200087437874034,"762"
"4489","JAM",0.0524312509322389,"762"
"4490","MEX",0.823429170785043,"762"
"4491","BRN",0.0668033496608032,"762"
"4492","CHN",0.183150627079501,"762"
"4493","KEN",0.398831254519229,"762"
"4494","MMR",0.511047094700024,"762"
"4495","LKA",0.827321608237909,"762"
"4496","TWN",0.141932697750717,"762"
"4497","TZA",0.902625376472473,"762"
"4498","TLS",0.156834421925953,"762"
"4499","VNM",0.32348021558519,"762"
"4500","SLV",0.14385023199384,"762"
"4501","KHM",0.117626301352152,"762"
"4502","CHN",0.18522797786269,"762"
"4503","JPN",0.172722072311728,"762"
"4504","KOR",0.269718461349688,"762"
"4505","OMN",0.15954323316714,"762"
"4506","SGP",0.120199035153137,"762"
"4507","SOM",0.703093540680323,"762"
"4508","TWN",0.132161586208081,"762"
"4509","THA",0.203429668333292,"762"
"4510","TLS",0.17472614673901,"762"
"4511","YEM",0.616658537776296,"762"
"4512","BGD",0.696868172158322,"762"
"4513","BRN",0.177760872607281,"762"
"4514","KHM",0.171796741246995,"762"
"4515","CHN",0.20505218501942,"762"
"4516","DJI",0.160811085561465,"762"
"4517","EGY",0.251785824504284,"762"
"4518","IND",0.570143893426616,"762"
"4519","IRN",0.370973534775852,"762"
"4520","IRQ",0.201072767782158,"762"
"4521","KWT",0.661166570039775,"762"
"4522","MDG",0.862186143971688,"762"
"4523","MMR",0.597565538838079,"762"
"4524","SGP",0.137362265069038,"762"
"4525","SOM",0.706908984690907,"762"
"4526","LKA",0.801112040524295,"762"
"4527","TWN",0.135411690432066,"762"
"4528","TZA",0.880173153486934,"762"
"4529","TLS",0.752831749358716,"762"
"4530","VNM",0.340492372870979,"762"
"4531","YEM",0.617082267666267,"762"
"4532","SLB",0.754779943393479,"762"
"4533","BRA",0.823234865778231,"762"
"4534","COL",0.873069641948349,"762"
"4535","CRI",0.568654313432736,"762"
"4536","DOM",0.279545122857799,"762"
"4537","GUF",0.707376383683834,"762"
"4538","GIN",0.139631124441988,"762"
"4539","GUY",0.285439093556028,"762"
"4540","HTI",0.19114285074195,"762"
"4541","PAN",0.852192487918047,"762"
"4542","SUR",0.746165847820028,"762"
"4543","VEN",0.360846463078125,"762"
"4544","BHS",0.736434757461194,"772"
"4545","CUB",0.872010025607456,"772"
"4546","DOM",0.285134312708288,"772"
"4547","HTI",0.188913901563643,"772"
"4548","JAM",0.0709190708334881,"772"
"4549","MEX",0.787766462856768,"772"
"4550","BRN",0.080540361570327,"772"
"4551","CHN",0.222428622804571,"772"
"4552","KEN",0.38665876512973,"772"
"4553","MMR",0.506997257944805,"772"
"4554","LKA",0.770697226867476,"772"
"4555","TWN",0.195158195928639,"772"
"4556","TZA",0.859916830711655,"772"
"4557","TLS",0.148486750962226,"772"
"4558","VNM",0.318809734045231,"772"
"4559","SLV",0.178261888633648,"772"
"4560","KHM",0.129667999345907,"772"
"4561","CHN",0.219753765662153,"772"
"4562","JPN",0.221632713476557,"772"
"4563","KOR",0.318966452160705,"772"
"4564","OMN",0.157761656838716,"772"
"4565","SGP",0.136917410762865,"772"
"4566","SOM",0.634140845773576,"772"
"4567","TWN",0.182353160398026,"772"
"4568","THA",0.226241525280779,"772"
"4569","TLS",0.162335960955758,"772"
"4570","YEM",0.572682227489536,"772"
"4571","BGD",0.647699499849928,"772"
"4572","BRN",0.211925900514894,"772"
"4573","KHM",0.172658797570787,"772"
"4574","CHN",0.236630385142523,"772"
"4575","DJI",0.139363204913194,"772"
"4576","EGY",0.330920801780384,"772"
"4577","IND",0.538446159019146,"772"
"4578","IRN",0.341124565449416,"772"
"4579","IRQ",0.163711636836604,"772"
"4580","KWT",0.63674305722988,"772"
"4581","MDG",0.841131777980956,"772"
"4582","MMR",0.590667850761697,"772"
"4583","SGP",0.150977612919277,"772"
"4584","SOM",0.637723663300833,"772"
"4585","LKA",0.745925412003559,"772"
"4586","TWN",0.178439023915713,"772"
"4587","TZA",0.834145201019008,"772"
"4588","TLS",0.717705109729794,"772"
"4589","VNM",0.33338972937938,"772"
"4590","YEM",0.582832166582172,"772"
"4591","SLB",0.743783060591567,"772"
"4592","BRA",0.782690410125241,"772"
"4593","COL",0.848306619359617,"772"
"4594","CRI",0.494755851469246,"772"
"4595","DOM",0.29334851119305,"772"
"4596","GUF",0.687806964591658,"772"
"4597","GIN",0.188898357780926,"772"
"4598","GUY",0.307950165854876,"772"
"4599","HTI",0.179023270818271,"772"
"4600","PAN",0.80255509148775,"772"
"4601","SUR",0.690926933852916,"772"
"4602","VEN",0.369406299209043,"772"
"4603","BHS",0.703681884240472,"780"
"4604","CUB",0.864737089046843,"780"
"4605","DOM",0.309979908775125,"780"
"4606","HTI",0.217027004292011,"780"
"4607","JAM",0.0755052079390076,"780"
"4608","MEX",0.758241306452004,"780"
"4609","BRN",0.0933475503340265,"780"
"4610","CHN",0.23282423040788,"780"
"4611","KEN",0.414012732301533,"780"
"4612","MMR",0.521281881984922,"780"
"4613","LKA",0.768385851587274,"780"
"4614","TWN",0.197122876470968,"780"
"4615","TZA",0.847056095135445,"780"
"4616","TLS",0.175963937478234,"780"
"4617","VNM",0.346553809398117,"780"
"4618","SLV",0.207656172003145,"780"
"4619","KHM",0.14846076202156,"780"
"4620","CHN",0.233475246575171,"780"
"4621","JPN",0.222481909166045,"780"
"4622","KOR",0.299045736002907,"780"
"4623","OMN",0.169889829803103,"780"
"4624","SGP",0.154057189428689,"780"
"4625","SOM",0.660689521660395,"780"
"4626","TWN",0.192657564573637,"780"
"4627","THA",0.238426328998043,"780"
"4628","TLS",0.189241814032667,"780"
"4629","YEM",0.585244802535164,"780"
"4630","BGD",0.640574330542348,"780"
"4631","BRN",0.233130754355688,"780"
"4632","KHM",0.187520510527396,"780"
"4633","CHN",0.242750503684763,"780"
"4634","DJI",0.170480600650328,"780"
"4635","EGY",0.304142021241115,"780"
"4636","IND",0.545784656119769,"780"
"4637","IRN",0.381979295680519,"780"
"4638","IRQ",0.193003827667217,"780"
"4639","KWT",0.630403709900046,"780"
"4640","MDG",0.822857423739845,"780"
"4641","MMR",0.589260248035864,"780"
"4642","SGP",0.168471837842531,"780"
"4643","SOM",0.66617153166163,"780"
"4644","LKA",0.752163523460315,"780"
"4645","TWN",0.19155300700705,"780"
"4646","TZA",0.839467767171481,"780"
"4647","TLS",0.701824885325394,"780"
"4648","VNM",0.364344904209906,"780"
"4649","YEM",0.583398067342194,"780"
"4650","SLB",0.748151133658623,"780"
"4651","BRA",0.77055285186596,"780"
"4652","COL",0.836015393880392,"780"
"4653","CRI",0.517933937560467,"780"
"4654","DOM",0.321712677002668,"780"
"4655","GUF",0.675211913344595,"780"
"4656","GIN",0.175561418921916,"780"
"4657","GUY",0.310719960510674,"780"
"4658","HTI",0.204897904101003,"780"
"4659","PAN",0.797749454618069,"780"
"4660","SUR",0.688950232577409,"780"
"4661","VEN",0.410893743579267,"780"
"4662","BHS",0.747106638463975,"790"
"4663","CUB",0.891946653568366,"790"
"4664","DOM",0.283047368122181,"790"
"4665","HTI",0.170664309724808,"790"
"4666","JAM",0.05633077849934,"790"
"4667","MEX",0.797194568740309,"790"
"4668","BRN",0.075286759568995,"790"
"4669","CHN",0.180096589197278,"790"
"4670","KEN",0.389908244840214,"790"
"4671","MMR",0.516756752571417,"790"
"4672","LKA",0.80162997499482,"790"
"4673","TWN",0.158569934190667,"790"
"4674","TZA",0.861553870307236,"790"
"4675","TLS",0.138752214328006,"790"
"4676","VNM",0.319792445982745,"790"
"4677","SLV",0.170150445591832,"790"
"4678","KHM",0.118945501514278,"790"
"4679","CHN",0.179767943662762,"790"
"4680","JPN",0.187539699654092,"790"
"4681","KOR",0.271780226307735,"790"
"4682","OMN",0.13306151757595,"790"
"4683","SGP",0.127999936789807,"790"
"4684","SOM",0.682964141149816,"790"
"4685","TWN",0.143826425606091,"790"
"4686","THA",0.18438374554121,"790"
"4687","TLS",0.155461622316156,"790"
"4688","YEM",0.624353514375679,"790"
"4689","BGD",0.700443491034468,"790"
"4690","BRN",0.211676931554299,"790"
"4691","KHM",0.171746341500702,"790"
"4692","CHN",0.192968975449038,"790"
"4693","DJI",0.135161460435786,"790"
"4694","EGY",0.30331668388875,"790"
"4695","IND",0.564190400081498,"790"
"4696","IRN",0.350037757256597,"790"
"4697","IRQ",0.166071362169165,"790"
"4698","KWT",0.65354598434919,"790"
"4699","MDG",0.860367836961783,"790"
"4700","MMR",0.611871889002939,"790"
"4701","SGP",0.144525179723447,"790"
"4702","SOM",0.687054524303585,"790"
"4703","LKA",0.781609985331762,"790"
"4704","TWN",0.147285152118107,"790"
"4705","TZA",0.845184597475709,"790"
"4706","TLS",0.726866163014692,"790"
"4707","VNM",0.338789259808417,"790"
"4708","YEM",0.62522669551339,"790"
"4709","SLB",0.744697761490755,"790"
"4710","BRA",0.802482959815522,"790"
"4711","COL",0.878922717527754,"790"
"4712","CRI",0.513093640996064,"790"
"4713","DOM",0.303464121274524,"790"
"4714","GUF",0.679844680478923,"790"
"4715","GIN",0.15884306518648,"790"
"4716","GUY",0.297886993277646,"790"
"4717","HTI",0.160286661645269,"790"
"4718","PAN",0.820461849116201,"790"
"4719","SUR",0.721230971921378,"790"
"4720","VEN",0.324621053515014,"790"
"4721","BHS",0.756015207995402,"800"
"4722","CUB",0.881175150435438,"800"
"4723","DOM",0.276683806104418,"800"
"4724","HTI",0.190136500514874,"800"
"4725","JAM",0.0694525799411673,"800"
"4726","MEX",0.787406194817887,"800"
"4727","BRN",0.0734483240245348,"800"
"4728","CHN",0.196871564799119,"800"
"4729","KEN",0.360251065929764,"800"
"4730","MMR",0.513135337688656,"800"
"4731","LKA",0.774955318627832,"800"
"4732","TWN",0.180274165338838,"800"
"4733","TZA",0.871409415572974,"800"
"4734","TLS",0.165328370059926,"800"
"4735","VNM",0.31732443785745,"800"
"4736","SLV",0.160630553710648,"800"
"4737","KHM",0.13028785998515,"800"
"4738","CHN",0.197598258896315,"800"
"4739","JPN",0.215687346154267,"800"
"4740","KOR",0.29317061715962,"800"
"4741","OMN",0.166613473718937,"800"
"4742","SGP",0.14472927077275,"800"
"4743","SOM",0.650353246159541,"800"
"4744","TWN",0.170027782112151,"800"
"4745","THA",0.231174563315377,"800"
"4746","TLS",0.172725505595376,"800"
"4747","YEM",0.556778328979193,"800"
"4748","BGD",0.649610343753798,"800"
"4749","BRN",0.198116690858799,"800"
"4750","KHM",0.186008971771809,"800"
"4751","CHN",0.212206332712852,"800"
"4752","DJI",0.159077753071208,"800"
"4753","EGY",0.318555998695671,"800"
"4754","IND",0.561604149213864,"800"
"4755","IRN",0.365281728269193,"800"
"4756","IRQ",0.182931262795994,"800"
"4757","KWT",0.608254756823419,"800"
"4758","MDG",0.842736517066833,"800"
"4759","MMR",0.594565951407592,"800"
"4760","SGP",0.166253407242122,"800"
"4761","SOM",0.662937046518079,"800"
"4762","LKA",0.763380741523162,"800"
"4763","TWN",0.178273216459511,"800"
"4764","TZA",0.860050160702937,"800"
"4765","TLS",0.708965740481597,"800"
"4766","VNM",0.340879308107318,"800"
"4767","YEM",0.570307504881047,"800"
"4768","SLB",0.74926413273356,"800"
"4769","BRA",0.796301638981684,"800"
"4770","COL",0.846754027346842,"800"
"4771","CRI",0.514481298266799,"800"
"4772","DOM",0.272888939959867,"800"
"4773","GUF",0.696505434246337,"800"
"4774","GIN",0.167347053007793,"800"
"4775","GUY",0.320189847873836,"800"
"4776","HTI",0.17340460903967,"800"
"4777","PAN",0.822941947641173,"800"
"4778","SUR",0.709922859363308,"800"
"4779","VEN",0.365490270286098,"800"
"4780","BHS",0.674974182379149,"810"
"4781","CUB",0.842474221861708,"810"
"4782","DOM",0.293607717600012,"810"
"4783","HTI",0.205610129098894,"810"
"4784","JAM",0.0886930745079365,"810"
"4785","MEX",0.725941436110814,"810"
"4786","BRN",0.101176933034899,"810"
"4787","CHN",0.251835506137943,"810"
"4788","KEN",0.353173509442471,"810"
"4789","MMR",0.474498474718976,"810"
"4790","LKA",0.711179515553811,"810"
"4791","TWN",0.196837125392453,"810"
"4792","TZA",0.826410973882147,"810"
"4793","TLS",0.177046847020093,"810"
"4794","VNM",0.325930845994625,"810"
"4795","SLV",0.209689773563391,"810"
"4796","KHM",0.138379771352327,"810"
"4797","CHN",0.253879636027716,"810"
"4798","JPN",0.21812476438862,"810"
"4799","KOR",0.292222148452021,"810"
"4800","OMN",0.168486738542171,"810"
"4801","SGP",0.186194923466899,"810"
"4802","SOM",0.621648359405694,"810"
"4803","TWN",0.184924244942964,"810"
"4804","THA",0.248758974237568,"810"
"4805","TLS",0.191192682408076,"810"
"4806","YEM",0.564522619911833,"810"
"4807","BGD",0.635994062571536,"810"
"4808","BRN",0.219355997709898,"810"
"4809","KHM",0.173080550038083,"810"
"4810","CHN",0.26649369069921,"810"
"4811","DJI",0.158688160511454,"810"
"4812","EGY",0.353160917077629,"810"
"4813","IND",0.53693983033465,"810"
"4814","IRN",0.384583412982341,"810"
"4815","IRQ",0.190109593320612,"810"
"4816","KWT",0.593105088136748,"810"
"4817","MDG",0.815204692611091,"810"
"4818","MMR",0.571508984055856,"810"
"4819","SGP",0.198542907006822,"810"
"4820","SOM",0.628485324542587,"810"
"4821","LKA",0.687834800445089,"810"
"4822","TWN",0.187289634969072,"810"
"4823","TZA",0.808083343091657,"810"
"4824","TLS",0.685673947799555,"810"
"4825","VNM",0.346874437956852,"810"
"4826","YEM",0.571769772607398,"810"
"4827","SLB",0.731021384268471,"810"
"4828","BRA",0.748575504067064,"810"
"4829","COL",0.817976646069776,"810"
"4830","CRI",0.449801223249141,"810"
"4831","DOM",0.304382194850708,"810"
"4832","GUF",0.660539552588131,"810"
"4833","GIN",0.189099367440326,"810"
"4834","GUY",0.343607150361826,"810"
"4835","HTI",0.197039991823904,"810"
"4836","PAN",0.754429499040112,"810"
"4837","SUR",0.670887784855503,"810"
"4838","VEN",0.383979406511248,"810"
"4839","BHS",0.740690012571475,"818"
"4840","CUB",0.915062403473862,"818"
"4841","DOM",0.277185152617038,"818"
"4842","HTI",0.1981372875701,"818"
"4843","JAM",0.0524499212477728,"818"
"4844","MEX",0.820101828131572,"818"
"4845","BRN",0.0607737005279392,"818"
"4846","CHN",0.194526920713541,"818"
"4847","KEN",0.431945972691211,"818"
"4848","MMR",0.537263289119127,"818"
"4849","LKA",0.815785716202332,"818"
"4850","TWN",0.159450324840144,"818"
"4851","TZA",0.888210210197907,"818"
"4852","TLS",0.146669000461854,"818"
"4853","VNM",0.309405126264985,"818"
"4854","SLV",0.153224521081677,"818"
"4855","KHM",0.114376041267141,"818"
"4856","CHN",0.194675874299007,"818"
"4857","JPN",0.192923900676545,"818"
"4858","KOR",0.286973736208144,"818"
"4859","OMN",0.136914793644056,"818"
"4860","SGP",0.1137681586798,"818"
"4861","SOM",0.705637661506316,"818"
"4862","TWN",0.153289726207545,"818"
"4863","THA",0.206255783710851,"818"
"4864","TLS",0.161866958365939,"818"
"4865","YEM",0.604882345887902,"818"
"4866","BGD",0.686446682155867,"818"
"4867","BRN",0.190400530337609,"818"
"4868","KHM",0.166457817920193,"818"
"4869","CHN",0.217063205018159,"818"
"4870","DJI",0.152138187022251,"818"
"4871","EGY",0.25540501490124,"818"
"4872","IND",0.566551038203388,"818"
"4873","IRN",0.399599549063145,"818"
"4874","IRQ",0.188040822766744,"818"
"4875","KWT",0.678129958024614,"818"
"4876","MDG",0.863672316149695,"818"
"4877","MMR",0.620242985369311,"818"
"4878","SGP",0.131641218527805,"818"
"4879","SOM",0.720930488919563,"818"
"4880","LKA",0.802804292894412,"818"
"4881","TWN",0.159849660834241,"818"
"4882","TZA",0.865459633189588,"818"
"4883","TLS",0.727907352020699,"818"
"4884","VNM",0.329327876904551,"818"
"4885","YEM",0.612240230105497,"818"
"4886","SLB",0.767859499076548,"818"
"4887","BRA",0.824012468120115,"818"
"4888","COL",0.882271226284833,"818"
"4889","CRI",0.572070453306721,"818"
"4890","DOM",0.287054179927519,"818"
"4891","GUF",0.691732170274345,"818"
"4892","GIN",0.14135323772891,"818"
"4893","GUY",0.262121214588764,"818"
"4894","HTI",0.187513890672036,"818"
"4895","PAN",0.855853432171097,"818"
"4896","SUR",0.729219972932892,"818"
"4897","VEN",0.350660852187433,"818"
"4898","BHS",0.760918262913483,"828"
"4899","CUB",0.899361450296958,"828"
"4900","DOM",0.290342651726467,"828"
"4901","HTI",0.188552915480387,"828"
"4902","JAM",0.0566108410040974,"828"
"4903","MEX",0.792327516663733,"828"
"4904","BRN",0.0665038182053675,"828"
"4905","CHN",0.180395663231358,"828"
"4906","KEN",0.437363964724315,"828"
"4907","MMR",0.512586046856273,"828"
"4908","LKA",0.817345653218444,"828"
"4909","TWN",0.171205306757212,"828"
"4910","TZA",0.867929518376054,"828"
"4911","TLS",0.141781222099729,"828"
"4912","VNM",0.330405897910726,"828"
"4913","SLV",0.164869288481573,"828"
"4914","KHM",0.133981453988823,"828"
"4915","CHN",0.182249250455197,"828"
"4916","JPN",0.203751429665402,"828"
"4917","KOR",0.312696742429804,"828"
"4918","OMN",0.160223450722577,"828"
"4919","SGP",0.13299057552649,"828"
"4920","SOM",0.667053055899211,"828"
"4921","TWN",0.170703795489163,"828"
"4922","THA",0.226565789150003,"828"
"4923","TLS",0.160038185559816,"828"
"4924","YEM",0.602045642921603,"828"
"4925","BGD",0.675253721499615,"828"
"4926","BRN",0.184995531757708,"828"
"4927","KHM",0.18918341643787,"828"
"4928","CHN",0.193352444955343,"828"
"4929","DJI",0.143466464230029,"828"
"4930","EGY",0.262675482684287,"828"
"4931","IND",0.540948357468632,"828"
"4932","IRN",0.396141570813227,"828"
"4933","IRQ",0.185570616617343,"828"
"4934","KWT",0.658909571634896,"828"
"4935","MDG",0.856457624328288,"828"
"4936","MMR",0.614714356815458,"828"
"4937","SGP",0.148851899012172,"828"
"4938","SOM",0.671817029895227,"828"
"4939","LKA",0.802990745613698,"828"
"4940","TWN",0.170441591391073,"828"
"4941","TZA",0.8523299089371,"828"
"4942","TLS",0.709765393140019,"828"
"4943","VNM",0.330913318534526,"828"
"4944","YEM",0.612982821594746,"828"
"4945","SLB",0.734306867091684,"828"
"4946","BRA",0.784120991692031,"828"
"4947","COL",0.867553913117562,"828"
"4948","CRI",0.540446059671159,"828"
"4949","DOM",0.302288721963877,"828"
"4950","GUF",0.686319429433247,"828"
"4951","GIN",0.163689288719453,"828"
"4952","GUY",0.245570683512757,"828"
"4953","HTI",0.172520080349233,"828"
"4954","PAN",0.812975588304711,"828"
"4955","SUR",0.717609545637431,"828"
"4956","VEN",0.410093131322142,"828"
