"","ISO3","occurrence","RunNo","PredValue"
"1","ARE",1,"10",0.466636789039179
"2","BRB",0,"10",0.110662229530001
"3","CIV",0,"10",0.308710381808167
"4","CIV",0,"10",0.176418714443713
"5","CMR",0,"10",0.405540239967435
"6","GHA",0,"10",0.33868664852481
"7","GIN",0,"10",0.174519766077664
"8","GNQ",0,"10",0.15130823646668
"9","GRD",0,"10",0.106400348473591
"10","GRD",0,"10",0.110878699886573
"11","GUY",1,"10",0.355444266925165
"12","HND",1,"10",0.815389451560253
"13","IDN",1,"10",0.633626620036516
"14","IDN",1,"10",0.641346532892618
"15","IND",1,"10",0.4916097298623
"16","LCA",0,"10",0.106204809733256
"17","MAR",0,"10",0.24833374938008
"18","MOZ",1,"10",0.600408020280944
"19","MYS",0,"10",0.579388417494447
"20","MYS",0,"10",0.566666493758022
"21","PAK",1,"10",0.2327282540436
"22","PAK",1,"10",0.230226408805649
"23","PNG",1,"10",0.843073005545101
"24","TGO",0,"10",0.116150328846142
"25","VCT",0,"10",0.14877320516896
"26","ARE",1,"12",0.426167014787998
"27","BRB",0,"12",0.101700624904519
"28","CIV",0,"12",0.297986472094864
"29","CIV",0,"12",0.153935996051639
"30","CMR",0,"12",0.447955736007281
"31","GHA",0,"12",0.355761057924423
"32","GIN",0,"12",0.176968365977596
"33","GNQ",0,"12",0.139975673105989
"34","GRD",0,"12",0.0947893498184466
"35","GRD",0,"12",0.0993090685793145
"36","GUY",1,"12",0.343750598963504
"37","HND",1,"12",0.844171608620723
"38","IDN",1,"12",0.64689428472157
"39","IDN",1,"12",0.652260214461881
"40","IND",1,"12",0.508665277531462
"41","LCA",0,"12",0.0971994321844684
"42","MAR",0,"12",0.246726827876665
"43","MOZ",1,"12",0.615576268096795
"44","MYS",0,"12",0.612061229707159
"45","MYS",0,"12",0.59458956673253
"46","PAK",1,"12",0.221780409695903
"47","PAK",1,"12",0.205625621330913
"48","PNG",1,"12",0.857276560927285
"49","TGO",0,"12",0.101011136647868
"50","VCT",0,"12",0.132870488198856
"51","ARE",1,"21",0.418692038600545
"52","BRB",0,"21",0.0706052611040949
"53","CIV",0,"21",0.251561179924007
"54","CIV",0,"21",0.126915568458457
"55","CMR",0,"21",0.38158384540238
"56","GHA",0,"21",0.33010663763991
"57","GIN",0,"21",0.141103409262574
"58","GNQ",0,"21",0.128136767126697
"59","GRD",0,"21",0.0674527006250349
"60","GRD",0,"21",0.070388407377978
"61","GUY",1,"21",0.27884302506867
"62","HND",1,"21",0.864085769089084
"63","IDN",1,"21",0.644394220731967
"64","IDN",1,"21",0.655522211395087
"65","IND",1,"21",0.513052251170365
"66","LCA",0,"21",0.0690271179645981
"67","MAR",0,"21",0.228828910840059
"68","MOZ",1,"21",0.579383681829014
"69","MYS",0,"21",0.626739361319161
"70","MYS",0,"21",0.609451892981611
"71","PAK",1,"21",0.180394232253867
"72","PAK",1,"21",0.173523284331438
"73","PNG",1,"21",0.88850453602606
"74","TGO",0,"21",0.0793381696273858
"75","VCT",0,"21",0.103043479058653
"76","ARE",1,"31",0.339622185155122
"77","BRB",0,"31",0.0423583339004033
"78","CIV",0,"31",0.189786712826697
"79","CIV",0,"31",0.0835706906865644
"80","CMR",0,"31",0.292170900187134
"81","GHA",0,"31",0.261554266715088
"82","GIN",0,"31",0.0923761138869443
"83","GNQ",0,"31",0.0867929244142062
"84","GRD",0,"31",0.0396347151660343
"85","GRD",0,"31",0.0404144124759188
"86","GUY",1,"31",0.226176437576451
"87","HND",1,"31",0.90780906744931
"88","IDN",1,"31",0.602093116844727
"89","IDN",1,"31",0.633105239573971
"90","IND",1,"31",0.550842608718699
"91","LCA",0,"31",0.0395798918619845
"92","MAR",0,"31",0.224914319895053
"93","MOZ",1,"31",0.542830285508393
"94","MYS",0,"31",0.671024654008133
"95","MYS",0,"31",0.662813353095753
"96","PAK",1,"31",0.159621869913153
"97","PAK",1,"31",0.138782257048299
"98","PNG",1,"31",0.933009445582125
"99","TGO",0,"31",0.0466136481146546
"100","VCT",0,"31",0.0606660910311829
"101","ARE",1,"41",0.328441392289629
"102","BRB",0,"41",0.0455304106027168
"103","CIV",0,"41",0.18582267376105
"104","CIV",0,"41",0.0761333407873886
"105","CMR",0,"41",0.317487692956056
"106","GHA",0,"41",0.270892867607875
"107","GIN",0,"41",0.101368450321792
"108","GNQ",0,"41",0.0809443279504848
"109","GRD",0,"41",0.0395753857452735
"110","GRD",0,"41",0.0422674074537003
"111","GUY",1,"41",0.218982014575762
"112","HND",1,"41",0.924514484434184
"113","IDN",1,"41",0.632562916880008
"114","IDN",1,"41",0.646238916423868
"115","IND",1,"41",0.529128110486359
"116","LCA",0,"41",0.0398086665402817
"117","MAR",0,"41",0.263194878628817
"118","MOZ",1,"41",0.518180965701825
"119","MYS",0,"41",0.694767096304125
"120","MYS",0,"41",0.669303567364228
"121","PAK",1,"41",0.154189268054037
"122","PAK",1,"41",0.130819302998706
"123","PNG",1,"41",0.93493875979056
"124","TGO",0,"41",0.0455546405808059
"125","VCT",0,"41",0.0642703118075121
"126","ARE",1,"52",0.31673974076137
"127","BRB",0,"52",0.0407059878067715
"128","CIV",0,"52",0.180956298974148
"129","CIV",0,"52",0.0720587956689658
"130","CMR",0,"52",0.298491306851967
"131","GHA",0,"52",0.253075863878648
"132","GIN",0,"52",0.0812216216757212
"133","GNQ",0,"52",0.0705404941453395
"134","GRD",0,"52",0.036449334327013
"135","GRD",0,"52",0.0380152198271953
"136","GUY",1,"52",0.201997284299144
"137","HND",1,"52",0.926646271188639
"138","IDN",1,"52",0.603099815198256
"139","IDN",1,"52",0.623969059313902
"140","IND",1,"52",0.564653119062637
"141","LCA",0,"52",0.0373311193710175
"142","MAR",0,"52",0.21127759383292
"143","MOZ",1,"52",0.490373797281588
"144","MYS",0,"52",0.679125329307436
"145","MYS",0,"52",0.653586961093941
"146","PAK",1,"52",0.144445985415278
"147","PAK",1,"52",0.122469832936854
"148","PNG",1,"52",0.940007443359269
"149","TGO",0,"52",0.0482717423124183
"150","VCT",0,"52",0.0555037858536882
"151","ARE",1,"64",0.329970596746854
"152","BRB",0,"64",0.0356864188390355
"153","CIV",0,"64",0.150869731308941
"154","CIV",0,"64",0.0660095408107934
"155","CMR",0,"64",0.282102864486536
"156","GHA",0,"64",0.220931805540282
"157","GIN",0,"64",0.0816431228859464
"158","GNQ",0,"64",0.0665309656506158
"159","GRD",0,"64",0.0317089753141518
"160","GRD",0,"64",0.0328800946415142
"161","GUY",1,"64",0.171055021236054
"162","HND",1,"64",0.930050718154719
"163","IDN",1,"64",0.613580399500648
"164","IDN",1,"64",0.648692264476434
"165","IND",1,"64",0.572522242596909
"166","LCA",0,"64",0.0322601830580751
"167","MAR",0,"64",0.233936831959252
"168","MOZ",1,"64",0.494962405793216
"169","MYS",0,"64",0.681668377589476
"170","MYS",0,"64",0.67485951060586
"171","PAK",1,"64",0.147353448856349
"172","PAK",1,"64",0.129475698998615
"173","PNG",1,"64",0.947338782857654
"174","TGO",0,"64",0.0399559736710989
"175","VCT",0,"64",0.0536123543781061
"176","ARE",1,"75",0.390090685000863
"177","BRB",0,"75",0.049164548118399
"178","CIV",0,"75",0.192076683242378
"179","CIV",0,"75",0.0932051074411452
"180","CMR",0,"75",0.317374608446879
"181","GHA",0,"75",0.284510388506524
"182","GIN",0,"75",0.110418736221805
"183","GNQ",0,"75",0.0884679280977894
"184","GRD",0,"75",0.0410049842184863
"185","GRD",0,"75",0.0442620370238829
"186","GUY",1,"75",0.256611247041658
"187","HND",1,"75",0.899304696601258
"188","IDN",1,"75",0.63454416301248
"189","IDN",1,"75",0.657632344280675
"190","IND",1,"75",0.540466147164438
"191","LCA",0,"75",0.0441526741209788
"192","MAR",0,"75",0.242043859188499
"193","MOZ",1,"75",0.544175514736639
"194","MYS",0,"75",0.677057528195855
"195","MYS",0,"75",0.648510175590002
"196","PAK",1,"75",0.167933241948828
"197","PAK",1,"75",0.163359301049827
"198","PNG",1,"75",0.928936791025662
"199","TGO",0,"75",0.0550579896168431
"200","VCT",0,"75",0.0674968630510807
"201","ARE",1,"86",0.315874789311281
"202","BRB",0,"86",0.0382525765084343
"203","CIV",0,"86",0.146842741635301
"204","CIV",0,"86",0.0631489366119009
"205","CMR",0,"86",0.296695167374958
"206","GHA",0,"86",0.248168473093555
"207","GIN",0,"86",0.0772585628678876
"208","GNQ",0,"86",0.0745624861949475
"209","GRD",0,"86",0.0356467729007812
"210","GRD",0,"86",0.0375516781651534
"211","GUY",1,"86",0.209422607527729
"212","HND",1,"86",0.931217227660902
"213","IDN",1,"86",0.641253284858669
"214","IDN",1,"86",0.674918721588835
"215","IND",1,"86",0.568278121313355
"216","LCA",0,"86",0.036429484645835
"217","MAR",0,"86",0.224001124630577
"218","MOZ",1,"86",0.509617797914427
"219","MYS",0,"86",0.684375518253259
"220","MYS",0,"86",0.651292011353096
"221","PAK",1,"86",0.136709868722512
"222","PAK",1,"86",0.125313487230304
"223","PNG",1,"86",0.942984773993406
"224","TGO",0,"86",0.0379274760386786
"225","VCT",0,"86",0.0576787091894125
"226","ARE",1,"96",0.406585114100488
"227","BRB",0,"96",0.0660617220482993
"228","CIV",0,"96",0.242737961213758
"229","CIV",0,"96",0.116703378573141
"230","CMR",0,"96",0.363047550211683
"231","GHA",0,"96",0.279119059686743
"232","GIN",0,"96",0.13076247266131
"233","GNQ",0,"96",0.110531193822744
"234","GRD",0,"96",0.0534387838148501
"235","GRD",0,"96",0.0584547753445323
"236","GUY",1,"96",0.242920808928634
"237","HND",1,"96",0.87701176389586
"238","IDN",1,"96",0.623031920034267
"239","IDN",1,"96",0.647030788838122
"240","IND",1,"96",0.517542487265726
"241","LCA",0,"96",0.0568684392318862
"242","MAR",0,"96",0.249754441674835
"243","MOZ",1,"96",0.59916907934915
"244","MYS",0,"96",0.601540440616531
"245","MYS",0,"96",0.567205119430563
"246","PAK",1,"96",0.175099408490129
"247","PAK",1,"96",0.16625029392259
"248","PNG",1,"96",0.897317650847376
"249","TGO",0,"96",0.0671791541480864
"250","VCT",0,"96",0.0844845510448593
"251","ARE",1,"105",0.42068782128293
"252","BRB",0,"105",0.0733515748800961
"253","CIV",0,"105",0.275762510035744
"254","CIV",0,"105",0.127574237984732
"255","CMR",0,"105",0.379484002600467
"256","GHA",0,"105",0.323620503704078
"257","GIN",0,"105",0.151316082184933
"258","GNQ",0,"105",0.123471996842844
"259","GRD",0,"105",0.0647266354927987
"260","GRD",0,"105",0.0676415992211817
"261","GUY",1,"105",0.280801097516973
"262","HND",1,"105",0.874575293883029
"263","IDN",1,"105",0.663103427034839
"264","IDN",1,"105",0.673487265392858
"265","IND",1,"105",0.520900191616311
"266","LCA",0,"105",0.0669196390998808
"267","MAR",0,"105",0.22984325808762
"268","MOZ",1,"105",0.601455697908629
"269","MYS",0,"105",0.623556876608382
"270","MYS",0,"105",0.608096066283388
"271","PAK",1,"105",0.185376672476585
"272","PAK",1,"105",0.168424707641879
"273","PNG",1,"105",0.889222659232553
"274","TGO",0,"105",0.0793505250346608
"275","VCT",0,"105",0.0993435269386417
"276","ARE",1,"117",0.473272332710513
"277","BRB",0,"117",0.115428450969571
"278","CIV",0,"117",0.300579516783753
"279","CIV",0,"117",0.164671576145573
"280","CMR",0,"117",0.452843692637162
"281","GHA",0,"117",0.338905034749475
"282","GIN",0,"117",0.184400120350136
"283","GNQ",0,"117",0.155602570992639
"284","GRD",0,"117",0.1047742421088
"285","GRD",0,"117",0.108854324407604
"286","GUY",1,"117",0.366432708537998
"287","HND",1,"117",0.802268328737424
"288","IDN",1,"117",0.628033170883494
"289","IDN",1,"117",0.637248829569721
"290","IND",1,"117",0.497410924832664
"291","LCA",0,"117",0.108744321527003
"292","MAR",0,"117",0.225273809638108
"293","MOZ",1,"117",0.615062982657498
"294","MYS",0,"117",0.56848303417182
"295","MYS",0,"117",0.554759553394266
"296","PAK",1,"117",0.230298390390244
"297","PAK",1,"117",0.213826329833277
"298","PNG",1,"117",0.841370271188649
"299","TGO",0,"117",0.122052659922552
"300","VCT",0,"117",0.140268730716993
"301","ARE",1,"125",0.420854094572976
"302","BRB",0,"125",0.0764444704337384
"303","CIV",0,"125",0.262236602324952
"304","CIV",0,"125",0.12998772360366
"305","CMR",0,"125",0.391641332700023
"306","GHA",0,"125",0.313689093088782
"307","GIN",0,"125",0.150780580465868
"308","GNQ",0,"125",0.119259318108371
"309","GRD",0,"125",0.0676646834745498
"310","GRD",0,"125",0.071951127558755
"311","GUY",1,"125",0.283081774090291
"312","HND",1,"125",0.876635352474353
"313","IDN",1,"125",0.656660524075561
"314","IDN",1,"125",0.67734407484371
"315","IND",1,"125",0.510525268973601
"316","LCA",0,"125",0.0672994617855769
"317","MAR",0,"125",0.263235311567363
"318","MOZ",1,"125",0.602072605442266
"319","MYS",0,"125",0.633053427404692
"320","MYS",0,"125",0.620104977918916
"321","PAK",1,"125",0.179460326502671
"322","PAK",1,"125",0.171817900514772
"323","PNG",1,"125",0.890671040716802
"324","TGO",0,"125",0.0799254235103449
"325","VCT",0,"125",0.102536214627754
"326","ARE",1,"134",0.406887627806361
"327","BRB",0,"134",0.0735741364486385
"328","CIV",0,"134",0.245569320499787
"329","CIV",0,"134",0.120412776119567
"330","CMR",0,"134",0.399711392930009
"331","GHA",0,"134",0.291022006376269
"332","GIN",0,"134",0.163542955107542
"333","GNQ",0,"134",0.112111862649396
"334","GRD",0,"134",0.0642111921581075
"335","GRD",0,"134",0.0665562465926783
"336","GUY",1,"134",0.303052986407255
"337","HND",1,"134",0.868012869289373
"338","IDN",1,"134",0.640132173271776
"339","IDN",1,"134",0.654575042714307
"340","IND",1,"134",0.532557053374431
"341","LCA",0,"134",0.0652785282172496
"342","MAR",0,"134",0.229186693251585
"343","MOZ",1,"134",0.594575442107788
"344","MYS",0,"134",0.618625953106279
"345","MYS",0,"134",0.605536980000485
"346","PAK",1,"134",0.198517241459606
"347","PAK",1,"134",0.181101474682539
"348","PNG",1,"134",0.893783531971643
"349","TGO",0,"134",0.0721959076810236
"350","VCT",0,"134",0.0979866552285797
"351","ARE",1,"143",0.357146742492213
"352","BRB",0,"143",0.0435385434690359
"353","CIV",0,"143",0.185856385694647
"354","CIV",0,"143",0.0869384649754194
"355","CMR",0,"143",0.291939099273205
"356","GHA",0,"143",0.235702114809909
"357","GIN",0,"143",0.104287730429566
"358","GNQ",0,"143",0.0796794253020668
"359","GRD",0,"143",0.0388078588111134
"360","GRD",0,"143",0.0416743176340082
"361","GUY",1,"143",0.196111546355409
"362","HND",1,"143",0.92156166814691
"363","IDN",1,"143",0.593664760025195
"364","IDN",1,"143",0.622050892779544
"365","IND",1,"143",0.522244037503731
"366","LCA",0,"143",0.040221484507111
"367","MAR",0,"143",0.252423671499852
"368","MOZ",1,"143",0.525593885710754
"369","MYS",0,"143",0.685754844389038
"370","MYS",0,"143",0.653218702407343
"371","PAK",1,"143",0.173736940298811
"372","PAK",1,"143",0.170020087515743
"373","PNG",1,"143",0.936362327964407
"374","TGO",0,"143",0.0492897999193789
"375","VCT",0,"143",0.0660682977133004
"376","ARE",1,"154",0.322120583400072
"377","BRB",0,"154",0.0388972867518195
"378","CIV",0,"154",0.192852715358677
"379","CIV",0,"154",0.0746160317546026
"380","CMR",0,"154",0.326111432623869
"381","GHA",0,"154",0.23232066974169
"382","GIN",0,"154",0.0965297994140244
"383","GNQ",0,"154",0.0733702233921985
"384","GRD",0,"154",0.0365441575785444
"385","GRD",0,"154",0.0377868788678976
"386","GUY",1,"154",0.214953928141578
"387","HND",1,"154",0.917916074317305
"388","IDN",1,"154",0.615366625595739
"389","IDN",1,"154",0.634802905336935
"390","IND",1,"154",0.577666955750676
"391","LCA",0,"154",0.0368731442530624
"392","MAR",0,"154",0.220735125638612
"393","MOZ",1,"154",0.516405603833434
"394","MYS",0,"154",0.658882392733935
"395","MYS",0,"154",0.640927835614188
"396","PAK",1,"154",0.158306815275136
"397","PAK",1,"154",0.127422681706237
"398","PNG",1,"154",0.938875757452831
"399","TGO",0,"154",0.0448211113408535
"400","VCT",0,"154",0.0604805702820818
"401","ARE",1,"166",0.470738742369086
"402","BRB",0,"166",0.10638089811833
"403","CIV",0,"166",0.312273991707373
"404","CIV",0,"166",0.173485113299244
"405","CMR",0,"166",0.432321544276072
"406","GHA",0,"166",0.34685749202498
"407","GIN",0,"166",0.179327307764853
"408","GNQ",0,"166",0.1570409411802
"409","GRD",0,"166",0.101532478701218
"410","GRD",0,"166",0.103200037714915
"411","GUY",1,"166",0.35629173991998
"412","HND",1,"166",0.830087920371211
"413","IDN",1,"166",0.652981140567253
"414","IDN",1,"166",0.66735900940985
"415","IND",1,"166",0.504947745038077
"416","LCA",0,"166",0.103838063649837
"417","MAR",0,"166",0.261413930610052
"418","MOZ",1,"166",0.590247024218019
"419","MYS",0,"166",0.597462762380136
"420","MYS",0,"166",0.563055170287261
"421","PAK",1,"166",0.231283107161068
"422","PAK",1,"166",0.227213812801294
"423","PNG",1,"166",0.833031667150714
"424","TGO",0,"166",0.125906671719879
"425","VCT",0,"166",0.140569294518131
"426","ARE",1,"174",0.400313014884277
"427","BRB",0,"174",0.0648354773518942
"428","CIV",0,"174",0.223206235228857
"429","CIV",0,"174",0.106115980908035
"430","CMR",0,"174",0.368421075419153
"431","GHA",0,"174",0.296434705464739
"432","GIN",0,"174",0.128849894984642
"433","GNQ",0,"174",0.112485504611582
"434","GRD",0,"174",0.0589085247980641
"435","GRD",0,"174",0.060319659859186
"436","GUY",1,"174",0.255099187526212
"437","HND",1,"174",0.892098115525295
"438","IDN",1,"174",0.626635868183374
"439","IDN",1,"174",0.646420789345601
"440","IND",1,"174",0.516769737447762
"441","LCA",0,"174",0.0605873764526755
"442","MAR",0,"174",0.214158633713269
"443","MOZ",1,"174",0.556304443074446
"444","MYS",0,"174",0.660334707068824
"445","MYS",0,"174",0.636440205071729
"446","PAK",1,"174",0.175191730906533
"447","PAK",1,"174",0.175530743823713
"448","PNG",1,"174",0.908453070525129
"449","TGO",0,"174",0.066881499835676
"450","VCT",0,"174",0.0893038985113608
"451","ARE",1,"184",0.396587435985731
"452","BRB",0,"184",0.0628763861429394
"453","CIV",0,"184",0.251940781263795
"454","CIV",0,"184",0.123107341946771
"455","CMR",0,"184",0.340615661972961
"456","GHA",0,"184",0.281583793417278
"457","GIN",0,"184",0.142589051335354
"458","GNQ",0,"184",0.107116824519771
"459","GRD",0,"184",0.0540814566039136
"460","GRD",0,"184",0.0570326562404339
"461","GUY",1,"184",0.244683906230708
"462","HND",1,"184",0.889212102353312
"463","IDN",1,"184",0.627119037413044
"464","IDN",1,"184",0.642782488150673
"465","IND",1,"184",0.526263941884728
"466","LCA",0,"184",0.0565329567091869
"467","MAR",0,"184",0.237232917115677
"468","MOZ",1,"184",0.562478209528216
"469","MYS",0,"184",0.643515830655188
"470","MYS",0,"184",0.633768600663635
"471","PAK",1,"184",0.190232481371999
"472","PAK",1,"184",0.179801577583339
"473","PNG",1,"184",0.907889582710694
"474","TGO",0,"184",0.0713436839793887
"475","VCT",0,"184",0.0894575135131203
"476","ARE",1,"193",0.448187665705447
"477","BRB",0,"193",0.0796372212591744
"478","CIV",0,"193",0.267408296131156
"479","CIV",0,"193",0.136316781493774
"480","CMR",0,"193",0.404679310470694
"481","GHA",0,"193",0.347396054879795
"482","GIN",0,"193",0.153704203668124
"483","GNQ",0,"193",0.112292725490348
"484","GRD",0,"193",0.0761700323961988
"485","GRD",0,"193",0.0769829317233967
"486","GUY",1,"193",0.330977898894275
"487","HND",1,"193",0.856104092819959
"488","IDN",1,"193",0.650696786758381
"489","IDN",1,"193",0.666435943644075
"490","IND",1,"193",0.503510019091244
"491","LCA",0,"193",0.0783067501578084
"492","MAR",0,"193",0.223614082034784
"493","MOZ",1,"193",0.582539336163648
"494","MYS",0,"193",0.607896571361931
"495","MYS",0,"193",0.600173553592472
"496","PAK",1,"193",0.197071264538691
"497","PAK",1,"193",0.191050967064629
"498","PNG",1,"193",0.873422994504527
"499","TGO",0,"193",0.0859460188140009
"500","VCT",0,"193",0.101660872698712
"501","ARE",1,"201",0.38884832108164
"502","BRB",0,"201",0.0671511268093253
"503","CIV",0,"201",0.205959390654393
"504","CIV",0,"201",0.100215077751883
"505","CMR",0,"201",0.357022896207235
"506","GHA",0,"201",0.271575987356146
"507","GIN",0,"201",0.121361791970997
"508","GNQ",0,"201",0.112621181284919
"509","GRD",0,"201",0.0604157837029512
"510","GRD",0,"201",0.0638216735960118
"511","GUY",1,"201",0.24766510926977
"512","HND",1,"201",0.899700343094877
"513","IDN",1,"201",0.657057276982799
"514","IDN",1,"201",0.676146701524299
"515","IND",1,"201",0.539438658816534
"516","LCA",0,"201",0.0617531434420075
"517","MAR",0,"201",0.240995864278238
"518","MOZ",1,"201",0.562819568333952
"519","MYS",0,"201",0.66594542385756
"520","MYS",0,"201",0.646857051734749
"521","PAK",1,"201",0.171980866456306
"522","PAK",1,"201",0.159736293253892
"523","PNG",1,"201",0.900737342359856
"524","TGO",0,"201",0.0748482104612656
"525","VCT",0,"201",0.090207181337696
"526","ARE",1,"211",0.384040980933633
"527","BRB",0,"211",0.0543463465447622
"528","CIV",0,"211",0.219688105088344
"529","CIV",0,"211",0.0943470483478659
"530","CMR",0,"211",0.316466705657175
"531","GHA",0,"211",0.274798084732648
"532","GIN",0,"211",0.117904727495965
"533","GNQ",0,"211",0.0959900298720314
"534","GRD",0,"211",0.049235274018183
"535","GRD",0,"211",0.0509308541399448
"536","GUY",1,"211",0.23060842334859
"537","HND",1,"211",0.889801850863154
"538","IDN",1,"211",0.645818279168476
"539","IDN",1,"211",0.659242008090724
"540","IND",1,"211",0.546911801119542
"541","LCA",0,"211",0.0504273016127474
"542","MAR",0,"211",0.222664531715622
"543","MOZ",1,"211",0.557210227624763
"544","MYS",0,"211",0.636653285706705
"545","MYS",0,"211",0.61458397350563
"546","PAK",1,"211",0.195421330381034
"547","PAK",1,"211",0.173061042248354
"548","PNG",1,"211",0.913821617631615
"549","TGO",0,"211",0.0649594533954737
"550","VCT",0,"211",0.0797862886793446
"551","ARE",1,"221",0.344210960954034
"552","BRB",0,"221",0.0437007680887504
"553","CIV",0,"221",0.176644915389089
"554","CIV",0,"221",0.0899422478566641
"555","CMR",0,"221",0.292413409959504
"556","GHA",0,"221",0.218193307953064
"557","GIN",0,"221",0.092081357027497
"558","GNQ",0,"221",0.0823232332903554
"559","GRD",0,"221",0.0427509507189012
"560","GRD",0,"221",0.0446264853093232
"561","GUY",1,"221",0.209450212779668
"562","HND",1,"221",0.922854104757126
"563","IDN",1,"221",0.624298130593399
"564","IDN",1,"221",0.651349967692558
"565","IND",1,"221",0.553410733125452
"566","LCA",0,"221",0.0404123822913632
"567","MAR",0,"221",0.230617120968662
"568","MOZ",1,"221",0.491929107755599
"569","MYS",0,"221",0.652729359236053
"570","MYS",0,"221",0.642295587849641
"571","PAK",1,"221",0.168971075478998
"572","PAK",1,"221",0.147449413732173
"573","PNG",1,"221",0.934773702007651
"574","TGO",0,"221",0.0504589412097961
"575","VCT",0,"221",0.0659875564900553
"576","ARE",1,"231",0.452447964083463
"577","BRB",0,"231",0.0936114025499722
"578","CIV",0,"231",0.30300364728829
"579","CIV",0,"231",0.15898532014532
"580","CMR",0,"231",0.432458081563163
"581","GHA",0,"231",0.367154673164639
"582","GIN",0,"231",0.172805680936088
"583","GNQ",0,"231",0.132501050470824
"584","GRD",0,"231",0.0846256255232261
"585","GRD",0,"231",0.0896829083518075
"586","GUY",1,"231",0.329899331346269
"587","HND",1,"231",0.846507074010125
"588","IDN",1,"231",0.637463185346224
"589","IDN",1,"231",0.652661938776282
"590","IND",1,"231",0.493568005265718
"591","LCA",0,"231",0.0838706553477002
"592","MAR",0,"231",0.236439477633345
"593","MOZ",1,"231",0.603984180156967
"594","MYS",0,"231",0.602138016408136
"595","MYS",0,"231",0.588039538269803
"596","PAK",1,"231",0.219265505122189
"597","PAK",1,"231",0.211700383206618
"598","PNG",1,"231",0.863619431799758
"599","TGO",0,"231",0.104764060083519
"600","VCT",0,"231",0.122383913293952
"601","ARE",1,"241",0.399340784812591
"602","BRB",0,"241",0.059868380660267
"603","CIV",0,"241",0.212909754611603
"604","CIV",0,"241",0.0978455324550297
"605","CMR",0,"241",0.378010981547715
"606","GHA",0,"241",0.26260266522017
"607","GIN",0,"241",0.110633561932889
"608","GNQ",0,"241",0.10223607039244
"609","GRD",0,"241",0.0524681897755715
"610","GRD",0,"241",0.0552931879544185
"611","GUY",1,"241",0.249880808397348
"612","HND",1,"241",0.902801580673601
"613","IDN",1,"241",0.633133973814576
"614","IDN",1,"241",0.649068495375899
"615","IND",1,"241",0.516157473473357
"616","LCA",0,"241",0.0521494249890886
"617","MAR",0,"241",0.227578500320408
"618","MOZ",1,"241",0.543203571943654
"619","MYS",0,"241",0.665689037324325
"620","MYS",0,"241",0.643023211935964
"621","PAK",1,"241",0.175080791585348
"622","PAK",1,"241",0.160730358237329
"623","PNG",1,"241",0.914369366092122
"624","TGO",0,"241",0.0626748742294068
"625","VCT",0,"241",0.0801952400890999
"626","ARE",1,"250",0.413337495533711
"627","BRB",0,"250",0.0532134632806979
"628","CIV",0,"250",0.209159160997303
"629","CIV",0,"250",0.101853200673207
"630","CMR",0,"250",0.326934858197064
"631","GHA",0,"250",0.306116123230868
"632","GIN",0,"250",0.105816624544258
"633","GNQ",0,"250",0.0952271471543768
"634","GRD",0,"250",0.047846165991714
"635","GRD",0,"250",0.0488551230039297
"636","GUY",1,"250",0.25617664300562
"637","HND",1,"250",0.897142727447459
"638","IDN",1,"250",0.628884811756092
"639","IDN",1,"250",0.661220842684286
"640","IND",1,"250",0.535657159541798
"641","LCA",0,"250",0.0495933209939668
"642","MAR",0,"250",0.221608075945176
"643","MOZ",1,"250",0.561783678849641
"644","MYS",0,"250",0.647496286711007
"645","MYS",0,"250",0.618216362338029
"646","PAK",1,"250",0.174371244161761
"647","PAK",1,"250",0.150695652855549
"648","PNG",1,"250",0.917954155718639
"649","TGO",0,"250",0.0599010873884535
"650","VCT",0,"250",0.0725966398227322
"651","ARE",1,"261",0.459980848002539
"652","BRB",0,"261",0.109345219284494
"653","CIV",0,"261",0.308644910265515
"654","CIV",0,"261",0.166671054760516
"655","CMR",0,"261",0.441190653967809
"656","GHA",0,"261",0.336718328547211
"657","GIN",0,"261",0.18701380812419
"658","GNQ",0,"261",0.167030051598411
"659","GRD",0,"261",0.107018672822002
"660","GRD",0,"261",0.109574304358611
"661","GUY",1,"261",0.335400282361903
"662","HND",1,"261",0.799894172401438
"663","IDN",1,"261",0.643435021998654
"664","IDN",1,"261",0.644612791647477
"665","IND",1,"261",0.501010433563168
"666","LCA",0,"261",0.104828659953786
"667","MAR",0,"261",0.243741111261742
"668","MOZ",1,"261",0.608207746754151
"669","MYS",0,"261",0.588159773798904
"670","MYS",0,"261",0.557237395565081
"671","PAK",1,"261",0.197105118032169
"672","PAK",1,"261",0.193213824866678
"673","PNG",1,"261",0.833402155201503
"674","TGO",0,"261",0.127261621943132
"675","VCT",0,"261",0.153214802060736
"676","ARE",1,"269",0.405482101960377
"677","BRB",0,"269",0.0693433902864969
"678","CIV",0,"269",0.235988664097562
"679","CIV",0,"269",0.108361390870766
"680","CMR",0,"269",0.374946770228808
"681","GHA",0,"269",0.324070690477481
"682","GIN",0,"269",0.145512594998736
"683","GNQ",0,"269",0.119633260693027
"684","GRD",0,"269",0.066819116237687
"685","GRD",0,"269",0.067139231192481
"686","GUY",1,"269",0.282866195603845
"687","HND",1,"269",0.870476608725356
"688","IDN",1,"269",0.637714091521174
"689","IDN",1,"269",0.656992122876017
"690","IND",1,"269",0.518823614711473
"691","LCA",0,"269",0.067411644745249
"692","MAR",0,"269",0.233405100761542
"693","MOZ",1,"269",0.578468690936907
"694","MYS",0,"269",0.598737410380773
"695","MYS",0,"269",0.582989453161447
"696","PAK",1,"269",0.189102910862258
"697","PAK",1,"269",0.185969057204626
"698","PNG",1,"269",0.894469726122861
"699","TGO",0,"269",0.0779250477232931
"700","VCT",0,"269",0.0954508703217097
"701","ARE",1,"279",0.351062242450937
"702","BRB",0,"279",0.044781177315803
"703","CIV",0,"279",0.195323973043451
"704","CIV",0,"279",0.0835347125873966
"705","CMR",0,"279",0.282312462209294
"706","GHA",0,"279",0.259041435482424
"707","GIN",0,"279",0.100683300030544
"708","GNQ",0,"279",0.0772389683256827
"709","GRD",0,"279",0.0424918779545597
"710","GRD",0,"279",0.0437420182445922
"711","GUY",1,"279",0.21235430205294
"712","HND",1,"279",0.913024268024671
"713","IDN",1,"279",0.624978614777974
"714","IDN",1,"279",0.653264703434107
"715","IND",1,"279",0.577546724595097
"716","LCA",0,"279",0.0416482889784707
"717","MAR",0,"279",0.215225678754835
"718","MOZ",1,"279",0.506950612903391
"719","MYS",0,"279",0.660998070787569
"720","MYS",0,"279",0.644250518513658
"721","PAK",1,"279",0.154181788884107
"722","PAK",1,"279",0.130364212109091
"723","PNG",1,"279",0.932982002534346
"724","TGO",0,"279",0.0462657626338725
"725","VCT",0,"279",0.0626110835681442
"726","ARE",1,"290",0.402113920128344
"727","BRB",0,"290",0.0607764311361395
"728","CIV",0,"290",0.223506712427463
"729","CIV",0,"290",0.111218125516319
"730","CMR",0,"290",0.390039067169187
"731","GHA",0,"290",0.285793352364705
"732","GIN",0,"290",0.131084786196384
"733","GNQ",0,"290",0.117183079755562
"734","GRD",0,"290",0.0577570970949165
"735","GRD",0,"290",0.0593583351150516
"736","GUY",1,"290",0.238122362953118
"737","HND",1,"290",0.871959004982561
"738","IDN",1,"290",0.635167041578584
"739","IDN",1,"290",0.65028680642002
"740","IND",1,"290",0.537671527156146
"741","LCA",0,"290",0.0583663728621328
"742","MAR",0,"290",0.222551925628508
"743","MOZ",1,"290",0.579649081766296
"744","MYS",0,"290",0.645055066659799
"745","MYS",0,"290",0.619805440321871
"746","PAK",1,"290",0.17447282542372
"747","PAK",1,"290",0.160282998843625
"748","PNG",1,"290",0.902260831319943
"749","TGO",0,"290",0.0680860015746555
"750","VCT",0,"290",0.0884062904144816
"751","ARE",1,"299",0.390963214338479
"752","BRB",0,"299",0.0645085190684438
"753","CIV",0,"299",0.236430575851095
"754","CIV",0,"299",0.107309409580133
"755","CMR",0,"299",0.375465544434102
"756","GHA",0,"299",0.289736193890899
"757","GIN",0,"299",0.145722749287677
"758","GNQ",0,"299",0.100462835242399
"759","GRD",0,"299",0.0563101076105191
"760","GRD",0,"299",0.0584916075700309
"761","GUY",1,"299",0.265414377937574
"762","HND",1,"299",0.887510265201328
"763","IDN",1,"299",0.648693134389463
"764","IDN",1,"299",0.662385353332185
"765","IND",1,"299",0.495330839139044
"766","LCA",0,"299",0.0597089204376546
"767","MAR",0,"299",0.223193045081553
"768","MOZ",1,"299",0.620988898221664
"769","MYS",0,"299",0.683822455186165
"770","MYS",0,"299",0.663104016432818
"771","PAK",1,"299",0.177394021243966
"772","PAK",1,"299",0.167929026872049
"773","PNG",1,"299",0.907844324158059
"774","TGO",0,"299",0.0711187107273936
"775","VCT",0,"299",0.0860519511278426
"776","ARE",1,"309",0.402351667795718
"777","BRB",0,"309",0.0664153565973742
"778","CIV",0,"309",0.23960449680917
"779","CIV",0,"309",0.125154589853941
"780","CMR",0,"309",0.340874817277197
"781","GHA",0,"309",0.278584447528974
"782","GIN",0,"309",0.143965214692856
"783","GNQ",0,"309",0.106368227505291
"784","GRD",0,"309",0.0561055484760814
"785","GRD",0,"309",0.0594542425950134
"786","GUY",1,"309",0.272518830749121
"787","HND",1,"309",0.883415575733558
"788","IDN",1,"309",0.625305753432626
"789","IDN",1,"309",0.641970695524935
"790","IND",1,"309",0.492471969256213
"791","LCA",0,"309",0.0570893437455722
"792","MAR",0,"309",0.261484274044621
"793","MOZ",1,"309",0.580101522075541
"794","MYS",0,"309",0.638200752458656
"795","MYS",0,"309",0.621261787402447
"796","PAK",1,"309",0.184842422498205
"797","PAK",1,"309",0.17621812058765
"798","PNG",1,"309",0.898188717888069
"799","TGO",0,"309",0.0705305282400612
"800","VCT",0,"309",0.0848760773252252
"801","ARE",1,"317",0.374651877022759
"802","BRB",0,"317",0.0499504448072276
"803","CIV",0,"317",0.186849683323406
"804","CIV",0,"317",0.0803766885891016
"805","CMR",0,"317",0.313187464841224
"806","GHA",0,"317",0.261849591907664
"807","GIN",0,"317",0.103936274969301
"808","GNQ",0,"317",0.0925198611963963
"809","GRD",0,"317",0.0439746628006521
"810","GRD",0,"317",0.0449991241135668
"811","GUY",1,"317",0.227653570082449
"812","HND",1,"317",0.918707178169179
"813","IDN",1,"317",0.603061453450206
"814","IDN",1,"317",0.632880039243666
"815","IND",1,"317",0.524158685249941
"816","LCA",0,"317",0.0460970863722489
"817","MAR",0,"317",0.224709261313253
"818","MOZ",1,"317",0.536755094487939
"819","MYS",0,"317",0.666067619969259
"820","MYS",0,"317",0.636922387548123
"821","PAK",1,"317",0.18340971328906
"822","PAK",1,"317",0.166197974795002
"823","PNG",1,"317",0.925871942167827
"824","TGO",0,"317",0.0498961956364958
"825","VCT",0,"317",0.0705486943266342
"826","ARE",1,"327",0.349279720751178
"827","BRB",0,"327",0.0458346922665059
"828","CIV",0,"327",0.182967471576666
"829","CIV",0,"327",0.0837572204594231
"830","CMR",0,"327",0.304831722644819
"831","GHA",0,"327",0.265122642414231
"832","GIN",0,"327",0.100333725158587
"833","GNQ",0,"327",0.0826223417403623
"834","GRD",0,"327",0.0392827554210845
"835","GRD",0,"327",0.0397706734342101
"836","GUY",1,"327",0.214128717469769
"837","HND",1,"327",0.928799079464464
"838","IDN",1,"327",0.624669148360789
"839","IDN",1,"327",0.652098598505874
"840","IND",1,"327",0.551362495597015
"841","LCA",0,"327",0.0403584539643873
"842","MAR",0,"327",0.223993733067811
"843","MOZ",1,"327",0.530013730687857
"844","MYS",0,"327",0.701008409991595
"845","MYS",0,"327",0.666158480660588
"846","PAK",1,"327",0.171339323044993
"847","PAK",1,"327",0.152497921239327
"848","PNG",1,"327",0.926202296574969
"849","TGO",0,"327",0.0498129193182054
"850","VCT",0,"327",0.0609245866382621
"851","ARE",1,"338",0.482348783648669
"852","BRB",0,"338",0.116101370652397
"853","CIV",0,"338",0.300653278776621
"854","CIV",0,"338",0.176040881235422
"855","CMR",0,"338",0.452145124690496
"856","GHA",0,"338",0.377556418452985
"857","GIN",0,"338",0.189943600746022
"858","GNQ",0,"338",0.164945933143993
"859","GRD",0,"338",0.10095210778559
"860","GRD",0,"338",0.10620104969671
"861","GUY",1,"338",0.354428218033986
"862","HND",1,"338",0.814123392156721
"863","IDN",1,"338",0.639098253000489
"864","IDN",1,"338",0.645381707394382
"865","IND",1,"338",0.500258424776266
"866","LCA",0,"338",0.104707683972934
"867","MAR",0,"338",0.230818911832632
"868","MOZ",1,"338",0.573667877662518
"869","MYS",0,"338",0.59750761454784
"870","MYS",0,"338",0.582155207106922
"871","PAK",1,"338",0.227904063126299
"872","PAK",1,"338",0.221384088781206
"873","PNG",1,"338",0.833052572154791
"874","TGO",0,"338",0.117666898934496
"875","VCT",0,"338",0.146213726095681
"876","ARE",1,"345",0.367743324538785
"877","BRB",0,"345",0.0612838329784213
"878","CIV",0,"345",0.225631042454539
"879","CIV",0,"345",0.118724331704413
"880","CMR",0,"345",0.340967433543046
"881","GHA",0,"345",0.279406154159776
"882","GIN",0,"345",0.134220080469482
"883","GNQ",0,"345",0.104701122298651
"884","GRD",0,"345",0.0598774046154564
"885","GRD",0,"345",0.063535781364935
"886","GUY",1,"345",0.270784469130439
"887","HND",1,"345",0.872594224293102
"888","IDN",1,"345",0.647741567358125
"889","IDN",1,"345",0.658023436147982
"890","IND",1,"345",0.538433735888377
"891","LCA",0,"345",0.060716366707996
"892","MAR",0,"345",0.266051976386694
"893","MOZ",1,"345",0.572490803755196
"894","MYS",0,"345",0.606698373345448
"895","MYS",0,"345",0.591981392612125
"896","PAK",1,"345",0.179206321586244
"897","PAK",1,"345",0.158113541916671
"898","PNG",1,"345",0.907675287646488
"899","TGO",0,"345",0.0747572430357143
"900","VCT",0,"345",0.0920333740791668
"901","ARE",1,"356",0.323417721978765
"902","BRB",0,"356",0.0414865746113825
"903","CIV",0,"356",0.143643653990731
"904","CIV",0,"356",0.067545678307683
"905","CMR",0,"356",0.262077518675042
"906","GHA",0,"356",0.226825236025455
"907","GIN",0,"356",0.0903475352099947
"908","GNQ",0,"356",0.0887709051830379
"909","GRD",0,"356",0.036519891472731
"910","GRD",0,"356",0.0397042111590912
"911","GUY",1,"356",0.217441817796975
"912","HND",1,"356",0.923693045163441
"913","IDN",1,"356",0.625506133820534
"914","IDN",1,"356",0.659344111169907
"915","IND",1,"356",0.566955336370269
"916","LCA",0,"356",0.0374725546510507
"917","MAR",0,"356",0.224204027838354
"918","MOZ",1,"356",0.512356382253812
"919","MYS",0,"356",0.6716105360501
"920","MYS",0,"356",0.641639658611126
"921","PAK",1,"356",0.151650565141697
"922","PAK",1,"356",0.132617088989008
"923","PNG",1,"356",0.941048419182168
"924","TGO",0,"356",0.0450240202957634
"925","VCT",0,"356",0.0623166590005251
"926","ARE",1,"367",0.348097337111586
"927","BRB",0,"367",0.0433140534939757
"928","CIV",0,"367",0.164269260545533
"929","CIV",0,"367",0.0744942728454204
"930","CMR",0,"367",0.314160561636086
"931","GHA",0,"367",0.249377346804704
"932","GIN",0,"367",0.107284510677365
"933","GNQ",0,"367",0.0741498991279822
"934","GRD",0,"367",0.0370199585805705
"935","GRD",0,"367",0.0391278686101254
"936","GUY",1,"367",0.223360715218134
"937","HND",1,"367",0.913577898798044
"938","IDN",1,"367",0.616204424899502
"939","IDN",1,"367",0.643806876315515
"940","IND",1,"367",0.552853941025755
"941","LCA",0,"367",0.0372114369364053
"942","MAR",0,"367",0.249142519316017
"943","MOZ",1,"367",0.530635270870882
"944","MYS",0,"367",0.658738493935818
"945","MYS",0,"367",0.630998298682211
"946","PAK",1,"367",0.164455029923654
"947","PAK",1,"367",0.145053814410409
"948","PNG",1,"367",0.933607768267633
"949","TGO",0,"367",0.049002263038467
"950","VCT",0,"367",0.0652148838724633
"951","ARE",1,"377",0.35852989738148
"952","BRB",0,"377",0.0472301695345712
"953","CIV",0,"377",0.22156892218815
"954","CIV",0,"377",0.0948275803324916
"955","CMR",0,"377",0.298927325744908
"956","GHA",0,"377",0.242602063129088
"957","GIN",0,"377",0.0895257272874977
"958","GNQ",0,"377",0.0834513495279036
"959","GRD",0,"377",0.0418244556055722
"960","GRD",0,"377",0.0444554531172859
"961","GUY",1,"377",0.218461564244291
"962","HND",1,"377",0.903444875525467
"963","IDN",1,"377",0.63002929707906
"964","IDN",1,"377",0.65615846677145
"965","IND",1,"377",0.548836314189381
"966","LCA",0,"377",0.0447663253607391
"967","MAR",0,"377",0.207182108597395
"968","MOZ",1,"377",0.551150798690764
"969","MYS",0,"377",0.656601506257693
"970","MYS",0,"377",0.630141115160952
"971","PAK",1,"377",0.15281174207589
"972","PAK",1,"377",0.146366564821335
"973","PNG",1,"377",0.927086780855711
"974","TGO",0,"377",0.0514916312536363
"975","VCT",0,"377",0.0676560300271143
"976","ARE",1,"387",0.389704607040937
"977","BRB",0,"387",0.0503255409948319
"978","CIV",0,"387",0.182870647533566
"979","CIV",0,"387",0.0853024224331474
"980","CMR",0,"387",0.334785316740751
"981","GHA",0,"387",0.280070279966654
"982","GIN",0,"387",0.11127062667427
"983","GNQ",0,"387",0.0952360145795753
"984","GRD",0,"387",0.0473116502669607
"985","GRD",0,"387",0.0495746552714358
"986","GUY",1,"387",0.232401138811454
"987","HND",1,"387",0.915608420060871
"988","IDN",1,"387",0.624969440536749
"989","IDN",1,"387",0.661360538076246
"990","IND",1,"387",0.539332449239531
"991","LCA",0,"387",0.0474580073645986
"992","MAR",0,"387",0.223902544910575
"993","MOZ",1,"387",0.563120722098765
"994","MYS",0,"387",0.651573107914944
"995","MYS",0,"387",0.629516412585156
"996","PAK",1,"387",0.182102612673925
"997","PAK",1,"387",0.16317554014154
"998","PNG",1,"387",0.91997304412621
"999","TGO",0,"387",0.0514014445911621
"1000","VCT",0,"387",0.0716556161543919
"1001","ARE",1,"397",0.437170786655212
"1002","BRB",0,"397",0.0728798031931581
"1003","CIV",0,"397",0.250639770395839
"1004","CIV",0,"397",0.123065720984795
"1005","CMR",0,"397",0.409617551539891
"1006","GHA",0,"397",0.28888283743415
"1007","GIN",0,"397",0.14368958213252
"1008","GNQ",0,"397",0.130312199583409
"1009","GRD",0,"397",0.0632450867308118
"1010","GRD",0,"397",0.0687375988267838
"1011","GUY",1,"397",0.279242328125244
"1012","HND",1,"397",0.872995464940818
"1013","IDN",1,"397",0.636353787247897
"1014","IDN",1,"397",0.649508292086617
"1015","IND",1,"397",0.511079683600075
"1016","LCA",0,"397",0.0670538011516517
"1017","MAR",0,"397",0.225505818908828
"1018","MOZ",1,"397",0.601566327354728
"1019","MYS",0,"397",0.658734836347605
"1020","MYS",0,"397",0.637839420316976
"1021","PAK",1,"397",0.181241918763589
"1022","PAK",1,"397",0.173325582822262
"1023","PNG",1,"397",0.898661292328725
"1024","TGO",0,"397",0.0894027668426498
"1025","VCT",0,"397",0.108214744239786
"1026","ARE",1,"407",0.458541918481076
"1027","BRB",0,"407",0.0987735320809965
"1028","CIV",0,"407",0.3079470960141
"1029","CIV",0,"407",0.154151522705533
"1030","CMR",0,"407",0.411610347611195
"1031","GHA",0,"407",0.332890890847611
"1032","GIN",0,"407",0.171579210860295
"1033","GNQ",0,"407",0.137074075086575
"1034","GRD",0,"407",0.088573271521655
"1035","GRD",0,"407",0.094264169622453
"1036","GUY",1,"407",0.331931568543025
"1037","HND",1,"407",0.849418500339794
"1038","IDN",1,"407",0.65908208483461
"1039","IDN",1,"407",0.664538645302774
"1040","IND",1,"407",0.540654502631742
"1041","LCA",0,"407",0.0891638944239181
"1042","MAR",0,"407",0.229182554555469
"1043","MOZ",1,"407",0.626297590118312
"1044","MYS",0,"407",0.613462171775738
"1045","MYS",0,"407",0.590218202693191
"1046","PAK",1,"407",0.207285084720778
"1047","PAK",1,"407",0.199121919623993
"1048","PNG",1,"407",0.864929707769871
"1049","TGO",0,"407",0.107294405576762
"1050","VCT",0,"407",0.124282089518408
"1051","ARE",1,"417",0.428177910295501
"1052","BRB",0,"417",0.0762107776036279
"1053","CIV",0,"417",0.269254839184125
"1054","CIV",0,"417",0.135283380946996
"1055","CMR",0,"417",0.377786167940479
"1056","GHA",0,"417",0.312059842599637
"1057","GIN",0,"417",0.137168485541513
"1058","GNQ",0,"417",0.12521625268964
"1059","GRD",0,"417",0.0676293574591118
"1060","GRD",0,"417",0.0734477292513264
"1061","GUY",1,"417",0.2671405884769
"1062","HND",1,"417",0.868270186624407
"1063","IDN",1,"417",0.643900254976637
"1064","IDN",1,"417",0.660919891702861
"1065","IND",1,"417",0.543950867219373
"1066","LCA",0,"417",0.06797202085388
"1067","MAR",0,"417",0.233575369386717
"1068","MOZ",1,"417",0.589326943775918
"1069","MYS",0,"417",0.631935139655387
"1070","MYS",0,"417",0.623008499134064
"1071","PAK",1,"417",0.196908119557668
"1072","PAK",1,"417",0.188227327176612
"1073","PNG",1,"417",0.884826333454992
"1074","TGO",0,"417",0.0800415371804213
"1075","VCT",0,"417",0.101527480045729
"1076","ARE",1,"426",0.385714318335121
"1077","BRB",0,"426",0.0473521197208519
"1078","CIV",0,"426",0.197472129465087
"1079","CIV",0,"426",0.0908788832048198
"1080","CMR",0,"426",0.273151093669586
"1081","GHA",0,"426",0.245956920205047
"1082","GIN",0,"426",0.100266146693129
"1083","GNQ",0,"426",0.0881142474629257
"1084","GRD",0,"426",0.0383383574829622
"1085","GRD",0,"426",0.0409334325209725
"1086","GUY",1,"426",0.195757001282165
"1087","HND",1,"426",0.915152202293393
"1088","IDN",1,"426",0.6349019852952
"1089","IDN",1,"426",0.664683148514231
"1090","IND",1,"426",0.535639698532683
"1091","LCA",0,"426",0.0410615696219231
"1092","MAR",0,"426",0.224997067690077
"1093","MOZ",1,"426",0.528832691013085
"1094","MYS",0,"426",0.692102166740864
"1095","MYS",0,"426",0.665808204066503
"1096","PAK",1,"426",0.163869317544468
"1097","PAK",1,"426",0.154889560708908
"1098","PNG",1,"426",0.932070237610925
"1099","TGO",0,"426",0.0489532581652327
"1100","VCT",0,"426",0.068179289411016
"1101","ARE",1,"437",0.345918305941477
"1102","BRB",0,"437",0.0486013487486522
"1103","CIV",0,"437",0.180237545728641
"1104","CIV",0,"437",0.0726014801135429
"1105","CMR",0,"437",0.282746946959254
"1106","GHA",0,"437",0.24318889436073
"1107","GIN",0,"437",0.106196647263067
"1108","GNQ",0,"437",0.082228285462163
"1109","GRD",0,"437",0.04046300135526
"1110","GRD",0,"437",0.0435787067716647
"1111","GUY",1,"437",0.172981179865268
"1112","HND",1,"437",0.913407521333551
"1113","IDN",1,"437",0.620459100340396
"1114","IDN",1,"437",0.657688547350761
"1115","IND",1,"437",0.542220706303718
"1116","LCA",0,"437",0.0427142174485598
"1117","MAR",0,"437",0.220452573214969
"1118","MOZ",1,"437",0.519028671761428
"1119","MYS",0,"437",0.644306427271175
"1120","MYS",0,"437",0.627241287311245
"1121","PAK",1,"437",0.16768016902071
"1122","PAK",1,"437",0.151082578661762
"1123","PNG",1,"437",0.932437204199171
"1124","TGO",0,"437",0.0510795394308822
"1125","VCT",0,"437",0.0669995812285706
"1126","ARE",1,"446",0.430788339459819
"1127","BRB",0,"446",0.0782184045923164
"1128","CIV",0,"446",0.273744700754681
"1129","CIV",0,"446",0.144948928270229
"1130","CMR",0,"446",0.36121268428245
"1131","GHA",0,"446",0.294300349235427
"1132","GIN",0,"446",0.168730479941712
"1133","GNQ",0,"446",0.130675713531802
"1134","GRD",0,"446",0.0745568837173254
"1135","GRD",0,"446",0.0771480025329185
"1136","GUY",1,"446",0.310502951204732
"1137","HND",1,"446",0.847908507018945
"1138","IDN",1,"446",0.623522744197264
"1139","IDN",1,"446",0.639800034115463
"1140","IND",1,"446",0.497658181550746
"1141","LCA",0,"446",0.0769415687350371
"1142","MAR",0,"446",0.261936140355402
"1143","MOZ",1,"446",0.591309894697469
"1144","MYS",0,"446",0.584842607284374
"1145","MYS",0,"446",0.562650092519184
"1146","PAK",1,"446",0.191705164213522
"1147","PAK",1,"446",0.187381820514816
"1148","PNG",1,"446",0.874999788757904
"1149","TGO",0,"446",0.0923893241913001
"1150","VCT",0,"446",0.112233090038291
"1151","ARE",1,"455",0.270570972276955
"1152","BRB",0,"455",0.0306409279998426
"1153","CIV",0,"455",0.13830903690001
"1154","CIV",0,"455",0.0605927180319153
"1155","CMR",0,"455",0.248287952331848
"1156","GHA",0,"455",0.206207476931761
"1157","GIN",0,"455",0.0710262514981494
"1158","GNQ",0,"455",0.0663288894976906
"1159","GRD",0,"455",0.0274686820083053
"1160","GRD",0,"455",0.0280511550224591
"1161","GUY",1,"455",0.155051725001984
"1162","HND",1,"455",0.943813343084682
"1163","IDN",1,"455",0.602813973043066
"1164","IDN",1,"455",0.637313793610485
"1165","IND",1,"455",0.581413092896852
"1166","LCA",0,"455",0.0268590486499965
"1167","MAR",0,"455",0.224272154088899
"1168","MOZ",1,"455",0.438434126924933
"1169","MYS",0,"455",0.704555658890749
"1170","MYS",0,"455",0.674469308694933
"1171","PAK",1,"455",0.130739719094796
"1172","PAK",1,"455",0.11485515849863
"1173","PNG",1,"455",0.951816413905544
"1174","TGO",0,"455",0.0321785053869082
"1175","VCT",0,"455",0.0420513562493031
"1176","ARE",1,"469",0.406964424568247
"1177","BRB",0,"469",0.0545592856162986
"1178","CIV",0,"469",0.254583272090257
"1179","CIV",0,"469",0.103487642046399
"1180","CMR",0,"469",0.361817772614393
"1181","GHA",0,"469",0.292534324370386
"1182","GIN",0,"469",0.120519933584201
"1183","GNQ",0,"469",0.0808051836878851
"1184","GRD",0,"469",0.0473307395231106
"1185","GRD",0,"469",0.0478655326273345
"1186","GUY",1,"469",0.240185728176611
"1187","HND",1,"469",0.898472013094544
"1188","IDN",1,"469",0.632736246708898
"1189","IDN",1,"469",0.656063886320534
"1190","IND",1,"469",0.503895286950599
"1191","LCA",0,"469",0.0484988450975362
"1192","MAR",0,"469",0.218848573961985
"1193","MOZ",1,"469",0.602257274994956
"1194","MYS",0,"469",0.664782750258702
"1195","MYS",0,"469",0.659990609985012
"1196","PAK",1,"469",0.165350775589842
"1197","PAK",1,"469",0.147293193123623
"1198","PNG",1,"469",0.918104168605831
"1199","TGO",0,"469",0.0562455799458329
"1200","VCT",0,"469",0.0670299121685711
"1201","ARE",1,"479",0.398148489580479
"1202","BRB",0,"479",0.0571002696525151
"1203","CIV",0,"479",0.222325275408887
"1204","CIV",0,"479",0.101005931799553
"1205","CMR",0,"479",0.356715262431337
"1206","GHA",0,"479",0.282818061212239
"1207","GIN",0,"479",0.121533342679646
"1208","GNQ",0,"479",0.0894643362270271
"1209","GRD",0,"479",0.0527378151435186
"1210","GRD",0,"479",0.0558696566343614
"1211","GUY",1,"479",0.246816139867554
"1212","HND",1,"479",0.889797527498331
"1213","IDN",1,"479",0.666628165998662
"1214","IDN",1,"479",0.687575607685862
"1215","IND",1,"479",0.527503677192579
"1216","LCA",0,"479",0.0524333230665999
"1217","MAR",0,"479",0.221285011567723
"1218","MOZ",1,"479",0.569665203756692
"1219","MYS",0,"479",0.63570824999584
"1220","MYS",0,"479",0.615170462404324
"1221","PAK",1,"479",0.184108217404313
"1222","PAK",1,"479",0.172560329915742
"1223","PNG",1,"479",0.918040735797732
"1224","TGO",0,"479",0.0618049130217386
"1225","VCT",0,"479",0.079948232294216
"1226","ARE",1,"488",0.332772342943145
"1227","BRB",0,"488",0.0383705758849419
"1228","CIV",0,"488",0.149370308992927
"1229","CIV",0,"488",0.0641314539622343
"1230","CMR",0,"488",0.277346853709961
"1231","GHA",0,"488",0.239334245721747
"1232","GIN",0,"488",0.0803250219015658
"1233","GNQ",0,"488",0.0862786824804596
"1234","GRD",0,"488",0.0353763626245198
"1235","GRD",0,"488",0.0364670236594776
"1236","GUY",1,"488",0.221168135638118
"1237","HND",1,"488",0.9234053063224
"1238","IDN",1,"488",0.643601209066008
"1239","IDN",1,"488",0.684357370196814
"1240","IND",1,"488",0.565142970003442
"1241","LCA",0,"488",0.035696537350763
"1242","MAR",0,"488",0.228599323194727
"1243","MOZ",1,"488",0.499753614895897
"1244","MYS",0,"488",0.703555673077401
"1245","MYS",0,"488",0.685535898370646
"1246","PAK",1,"488",0.143352727880255
"1247","PAK",1,"488",0.142818004846105
"1248","PNG",1,"488",0.940693035583406
"1249","TGO",0,"488",0.0433886567343223
"1250","VCT",0,"488",0.0591856209107669
"1251","ARE",1,"498",0.367555468007058
"1252","BRB",0,"498",0.0556011791876393
"1253","CIV",0,"498",0.230029628543706
"1254","CIV",0,"498",0.106275914999083
"1255","CMR",0,"498",0.334911182204243
"1256","GHA",0,"498",0.270762183127263
"1257","GIN",0,"498",0.117754049308941
"1258","GNQ",0,"498",0.0968846014953145
"1259","GRD",0,"498",0.0512809703325434
"1260","GRD",0,"498",0.0542286464145195
"1261","GUY",1,"498",0.257850014682586
"1262","HND",1,"498",0.896498447504071
"1263","IDN",1,"498",0.639276404973261
"1264","IDN",1,"498",0.663581449562823
"1265","IND",1,"498",0.527173353152221
"1266","LCA",0,"498",0.0523042996463679
"1267","MAR",0,"498",0.254308336012018
"1268","MOZ",1,"498",0.551499069753709
"1269","MYS",0,"498",0.66985740927867
"1270","MYS",0,"498",0.652078191051217
"1271","PAK",1,"498",0.192787893177507
"1272","PAK",1,"498",0.168010714398424
"1273","PNG",1,"498",0.912941834647879
"1274","TGO",0,"498",0.0587414096119335
"1275","VCT",0,"498",0.0767950744748157
"1276","ARE",1,"509",0.389059586760029
"1277","BRB",0,"509",0.0670723026282469
"1278","CIV",0,"509",0.235231391255703
"1279","CIV",0,"509",0.117094805751697
"1280","CMR",0,"509",0.384458054475365
"1281","GHA",0,"509",0.302956393250133
"1282","GIN",0,"509",0.128452955404744
"1283","GNQ",0,"509",0.111286548826673
"1284","GRD",0,"509",0.0549773856424339
"1285","GRD",0,"509",0.058914719873681
"1286","GUY",1,"509",0.246270834023579
"1287","HND",1,"509",0.884319946629622
"1288","IDN",1,"509",0.636574822654322
"1289","IDN",1,"509",0.657347109948033
"1290","IND",1,"509",0.539185523910794
"1291","LCA",0,"509",0.0577066553721156
"1292","MAR",0,"509",0.223506111259412
"1293","MOZ",1,"509",0.588694331379358
"1294","MYS",0,"509",0.619711725527666
"1295","MYS",0,"509",0.599356794808541
"1296","PAK",1,"509",0.172870994393555
"1297","PAK",1,"509",0.156038662891141
"1298","PNG",1,"509",0.902170660735297
"1299","TGO",0,"509",0.0708716030468332
"1300","VCT",0,"509",0.0876847361228301
"1301","ARE",1,"519",0.448155819577917
"1302","BRB",0,"519",0.0710962823477533
"1303","CIV",0,"519",0.288038242205347
"1304","CIV",0,"519",0.138647980568056
"1305","CMR",0,"519",0.418397044237612
"1306","GHA",0,"519",0.295547764293507
"1307","GIN",0,"519",0.141491827719532
"1308","GNQ",0,"519",0.115387175332876
"1309","GRD",0,"519",0.0644529522114656
"1310","GRD",0,"519",0.069317081866455
"1311","GUY",1,"519",0.288516760535913
"1312","HND",1,"519",0.877961791502263
"1313","IDN",1,"519",0.645956184945012
"1314","IDN",1,"519",0.668863218780807
"1315","IND",1,"519",0.533649583375108
"1316","LCA",0,"519",0.0669898005723279
"1317","MAR",0,"519",0.240053578054398
"1318","MOZ",1,"519",0.604128926120615
"1319","MYS",0,"519",0.649344704007583
"1320","MYS",0,"519",0.624187275567159
"1321","PAK",1,"519",0.187495247411421
"1322","PAK",1,"519",0.176145234712905
"1323","PNG",1,"519",0.895852556000282
"1324","TGO",0,"519",0.0876970665716351
"1325","VCT",0,"519",0.104281744401267
"1326","ARE",1,"528",0.436001468113932
"1327","BRB",0,"528",0.0803922402359008
"1328","CIV",0,"528",0.25450626000206
"1329","CIV",0,"528",0.143668290385141
"1330","CMR",0,"528",0.400920843666191
"1331","GHA",0,"528",0.308051253076162
"1332","GIN",0,"528",0.17293775575692
"1333","GNQ",0,"528",0.119469372660175
"1334","GRD",0,"528",0.0765773801164904
"1335","GRD",0,"528",0.0777545284217192
"1336","GUY",1,"528",0.275182700991963
"1337","HND",1,"528",0.858113229590405
"1338","IDN",1,"528",0.644713786036637
"1339","IDN",1,"528",0.6571475894035
"1340","IND",1,"528",0.498186539804598
"1341","LCA",0,"528",0.0777609741974479
"1342","MAR",0,"528",0.253397387660311
"1343","MOZ",1,"528",0.589328441859272
"1344","MYS",0,"528",0.606053760302634
"1345","MYS",0,"528",0.583622198608394
"1346","PAK",1,"528",0.194040606989272
"1347","PAK",1,"528",0.185906942215544
"1348","PNG",1,"528",0.878329804017477
"1349","TGO",0,"528",0.0877076191299849
"1350","VCT",0,"528",0.108026490406758
"1351","ARE",1,"536",0.372442616854145
"1352","BRB",0,"536",0.0482978856293571
"1353","CIV",0,"536",0.200944160874906
"1354","CIV",0,"536",0.0856224179121999
"1355","CMR",0,"536",0.307334949698008
"1356","GHA",0,"536",0.265911330880844
"1357","GIN",0,"536",0.108010454931072
"1358","GNQ",0,"536",0.0903559083081164
"1359","GRD",0,"536",0.0451698642736275
"1360","GRD",0,"536",0.0475860415179024
"1361","GUY",1,"536",0.220064758079238
"1362","HND",1,"536",0.90138428932695
"1363","IDN",1,"536",0.624982350214327
"1364","IDN",1,"536",0.644140458591057
"1365","IND",1,"536",0.541736910333597
"1366","LCA",0,"536",0.0440907462827439
"1367","MAR",0,"536",0.221508261622053
"1368","MOZ",1,"536",0.529529114391452
"1369","MYS",0,"536",0.633137191440911
"1370","MYS",0,"536",0.612901391871095
"1371","PAK",1,"536",0.162818354891769
"1372","PAK",1,"536",0.14421824988741
"1373","PNG",1,"536",0.919596204120075
"1374","TGO",0,"536",0.053748757206023
"1375","VCT",0,"536",0.0663937109503204
"1376","ARE",1,"546",0.436369464806122
"1377","BRB",0,"546",0.0801827678910644
"1378","CIV",0,"546",0.260562214576291
"1379","CIV",0,"546",0.143433769168008
"1380","CMR",0,"546",0.371967829945547
"1381","GHA",0,"546",0.310799819096006
"1382","GIN",0,"546",0.154992286619029
"1383","GNQ",0,"546",0.126096516990026
"1384","GRD",0,"546",0.0780118188411933
"1385","GRD",0,"546",0.0801429042560661
"1386","GUY",1,"546",0.280370455754447
"1387","HND",1,"546",0.858086943347179
"1388","IDN",1,"546",0.627619455316518
"1389","IDN",1,"546",0.642178777420672
"1390","IND",1,"546",0.540544214137432
"1391","LCA",0,"546",0.0760420678983109
"1392","MAR",0,"546",0.231188258864112
"1393","MOZ",1,"546",0.586529868712109
"1394","MYS",0,"546",0.612612929925435
"1395","MYS",0,"546",0.593515813171226
"1396","PAK",1,"546",0.19693559915959
"1397","PAK",1,"546",0.194910190888488
"1398","PNG",1,"546",0.877278055557445
"1399","TGO",0,"546",0.095389941996931
"1400","VCT",0,"546",0.11462028171785
"1401","ARE",1,"554",0.47551245602817
"1402","BRB",0,"554",0.0920803296637727
"1403","CIV",0,"554",0.30915879461087
"1404","CIV",0,"554",0.162403637500051
"1405","CMR",0,"554",0.395800419818474
"1406","GHA",0,"554",0.322236262981851
"1407","GIN",0,"554",0.176473826994462
"1408","GNQ",0,"554",0.143559692161134
"1409","GRD",0,"554",0.090626772351913
"1410","GRD",0,"554",0.0912982741682035
"1411","GUY",1,"554",0.319850249357647
"1412","HND",1,"554",0.847570425204539
"1413","IDN",1,"554",0.647435543789133
"1414","IDN",1,"554",0.656310480176658
"1415","IND",1,"554",0.484140978692353
"1416","LCA",0,"554",0.0918889131624842
"1417","MAR",0,"554",0.253237173663988
"1418","MOZ",1,"554",0.597386492021173
"1419","MYS",0,"554",0.602779823815384
"1420","MYS",0,"554",0.591035340857297
"1421","PAK",1,"554",0.216195152713452
"1422","PAK",1,"554",0.209051726841627
"1423","PNG",1,"554",0.849611357640089
"1424","TGO",0,"554",0.103086804625885
"1425","VCT",0,"554",0.124528464492372
"1426","ARE",1,"562",0.388237424742169
"1427","BRB",0,"562",0.0596924496285256
"1428","CIV",0,"562",0.213270638759893
"1429","CIV",0,"562",0.0998913599231351
"1430","CMR",0,"562",0.387947975771245
"1431","GHA",0,"562",0.303386918743463
"1432","GIN",0,"562",0.110478064678874
"1433","GNQ",0,"562",0.110756780254359
"1434","GRD",0,"562",0.0576901168852848
"1435","GRD",0,"562",0.0589618383012892
"1436","GUY",1,"562",0.274067458346657
"1437","HND",1,"562",0.904763382625974
"1438","IDN",1,"562",0.655203581210294
"1439","IDN",1,"562",0.677889300932375
"1440","IND",1,"562",0.526507738728807
"1441","LCA",0,"562",0.0567701130734588
"1442","MAR",0,"562",0.247766949922048
"1443","MOZ",1,"562",0.58035494160664
"1444","MYS",0,"562",0.654510408296736
"1445","MYS",0,"562",0.625457450647415
"1446","PAK",1,"562",0.17492418728141
"1447","PAK",1,"562",0.164802738114479
"1448","PNG",1,"562",0.909484035506038
"1449","TGO",0,"562",0.0734249923799011
"1450","VCT",0,"562",0.0771681777916147
"1451","ARE",1,"572",0.404058481778135
"1452","BRB",0,"572",0.0737036750529369
"1453","CIV",0,"572",0.244985688553994
"1454","CIV",0,"572",0.119544732892103
"1455","CMR",0,"572",0.365626750616521
"1456","GHA",0,"572",0.325082696723947
"1457","GIN",0,"572",0.157456202066459
"1458","GNQ",0,"572",0.116715261891289
"1459","GRD",0,"572",0.070605707449499
"1460","GRD",0,"572",0.0719485927289795
"1461","GUY",1,"572",0.285266009477874
"1462","HND",1,"572",0.873345587434343
"1463","IDN",1,"572",0.634768318543435
"1464","IDN",1,"572",0.644475148813681
"1465","IND",1,"572",0.509032719727141
"1466","LCA",0,"572",0.0698250994918225
"1467","MAR",0,"572",0.212678647042799
"1468","MOZ",1,"572",0.589207021323094
"1469","MYS",0,"572",0.626510272252912
"1470","MYS",0,"572",0.602526918595569
"1471","PAK",1,"572",0.204567416341023
"1472","PAK",1,"572",0.189523686584062
"1473","PNG",1,"572",0.89349527443208
"1474","TGO",0,"572",0.0794857530444225
"1475","VCT",0,"572",0.0976398250560779
"1476","ARE",1,"581",0.445543571173816
"1477","BRB",0,"581",0.072622225928528
"1478","CIV",0,"581",0.30812790123263
"1479","CIV",0,"581",0.140876561314395
"1480","CMR",0,"581",0.424022246708533
"1481","GHA",0,"581",0.330615748849274
"1482","GIN",0,"581",0.150339051419961
"1483","GNQ",0,"581",0.114329189874839
"1484","GRD",0,"581",0.0651032376318217
"1485","GRD",0,"581",0.0677269111778587
"1486","GUY",1,"581",0.284036169273337
"1487","HND",1,"581",0.880178884386554
"1488","IDN",1,"581",0.639515857945499
"1489","IDN",1,"581",0.652772180235599
"1490","IND",1,"581",0.498595552575223
"1491","LCA",0,"581",0.0681711657529879
"1492","MAR",0,"581",0.223716834844869
"1493","MOZ",1,"581",0.584877655297563
"1494","MYS",0,"581",0.626849747894076
"1495","MYS",0,"581",0.605702300509964
"1496","PAK",1,"581",0.187510439841583
"1497","PAK",1,"581",0.174255539481652
"1498","PNG",1,"581",0.89831575241894
"1499","TGO",0,"581",0.0763463766195169
"1500","VCT",0,"581",0.0948168586965979
"1501","ARE",1,"591",0.296015482052397
"1502","BRB",0,"591",0.0285980115440323
"1503","CIV",0,"591",0.13870945959699
"1504","CIV",0,"591",0.0521251712541807
"1505","CMR",0,"591",0.241025143171312
"1506","GHA",0,"591",0.222560516261513
"1507","GIN",0,"591",0.0634211753079451
"1508","GNQ",0,"591",0.0601010848855799
"1509","GRD",0,"591",0.0253217287342709
"1510","GRD",0,"591",0.0256891356942299
"1511","GUY",1,"591",0.180775141148429
"1512","HND",1,"591",0.943884203698852
"1513","IDN",1,"591",0.582356346422023
"1514","IDN",1,"591",0.625079667028076
"1515","IND",1,"591",0.559669957733757
"1516","LCA",0,"591",0.0260445186148841
"1517","MAR",0,"591",0.238748962551931
"1518","MOZ",1,"591",0.437425995198096
"1519","MYS",0,"591",0.68448189888124
"1520","MYS",0,"591",0.670805722448614
"1521","PAK",1,"591",0.117666668057871
"1522","PAK",1,"591",0.0996616597727941
"1523","PNG",1,"591",0.954988961640825
"1524","TGO",0,"591",0.030432800107928
"1525","VCT",0,"591",0.040801925691081
"1526","ARE",1,"602",0.372199224225175
"1527","BRB",0,"602",0.045759984440488
"1528","CIV",0,"602",0.204081090123073
"1529","CIV",0,"602",0.0867130709073518
"1530","CMR",0,"602",0.285864119169711
"1531","GHA",0,"602",0.247688196672436
"1532","GIN",0,"602",0.0909710726412819
"1533","GNQ",0,"602",0.0785101135743384
"1534","GRD",0,"602",0.04292325095538
"1535","GRD",0,"602",0.0445854759136492
"1536","GUY",1,"602",0.204503816015558
"1537","HND",1,"602",0.915876210043332
"1538","IDN",1,"602",0.607922142709351
"1539","IDN",1,"602",0.639808274784723
"1540","IND",1,"602",0.559160202732761
"1541","LCA",0,"602",0.0441417996938827
"1542","MAR",0,"602",0.233832377589779
"1543","MOZ",1,"602",0.516723889440592
"1544","MYS",0,"602",0.68579182884795
"1545","MYS",0,"602",0.64649845354494
"1546","PAK",1,"602",0.162078554291853
"1547","PAK",1,"602",0.148544461694877
"1548","PNG",1,"602",0.929694142352082
"1549","TGO",0,"602",0.0449745285737987
"1550","VCT",0,"602",0.0636496497912616
"1551","ARE",1,"612",0.422358361540542
"1552","BRB",0,"612",0.0678509137157296
"1553","CIV",0,"612",0.23474759892493
"1554","CIV",0,"612",0.109808533028533
"1555","CMR",0,"612",0.370755880551712
"1556","GHA",0,"612",0.300878775036233
"1557","GIN",0,"612",0.125047160116064
"1558","GNQ",0,"612",0.11047418881301
"1559","GRD",0,"612",0.060149181456277
"1560","GRD",0,"612",0.0621726059057411
"1561","GUY",1,"612",0.241903737733166
"1562","HND",1,"612",0.896020538340601
"1563","IDN",1,"612",0.643287356023823
"1564","IDN",1,"612",0.663272736131213
"1565","IND",1,"612",0.540236698872219
"1566","LCA",0,"612",0.0606444083365116
"1567","MAR",0,"612",0.229372301399253
"1568","MOZ",1,"612",0.593076608027579
"1569","MYS",0,"612",0.635514579383896
"1570","MYS",0,"612",0.612795335046513
"1571","PAK",1,"612",0.199211067222997
"1572","PAK",1,"612",0.182856402154734
"1573","PNG",1,"612",0.906501083774947
"1574","TGO",0,"612",0.0732330402413904
"1575","VCT",0,"612",0.0859435961131139
"1576","ARE",1,"622",0.330584157280059
"1577","BRB",0,"622",0.037807759217642
"1578","CIV",0,"622",0.146344234035321
"1579","CIV",0,"622",0.0600131509412406
"1580","CMR",0,"622",0.282520206984196
"1581","GHA",0,"622",0.19014914574716
"1582","GIN",0,"622",0.0889750056357118
"1583","GNQ",0,"622",0.0665194830474991
"1584","GRD",0,"622",0.0301755204987559
"1585","GRD",0,"622",0.0313329536080006
"1586","GUY",1,"622",0.199684796675842
"1587","HND",1,"622",0.927076592211477
"1588","IDN",1,"622",0.602536509059671
"1589","IDN",1,"622",0.635819215401099
"1590","IND",1,"622",0.572668739541518
"1591","LCA",0,"622",0.0302603649175282
"1592","MAR",0,"622",0.209979898134683
"1593","MOZ",1,"622",0.487502199598682
"1594","MYS",0,"622",0.718992455234927
"1595","MYS",0,"622",0.683657641452089
"1596","PAK",1,"622",0.135322342164193
"1597","PAK",1,"622",0.12169260697922
"1598","PNG",1,"622",0.944599939505904
"1599","TGO",0,"622",0.0392765083006206
"1600","VCT",0,"622",0.0490597468501029
"1601","ARE",1,"632",0.368295307928609
"1602","BRB",0,"632",0.0552749586315469
"1603","CIV",0,"632",0.211941206545378
"1604","CIV",0,"632",0.099035349794928
"1605","CMR",0,"632",0.368947158642839
"1606","GHA",0,"632",0.292472061298072
"1607","GIN",0,"632",0.119135622304314
"1608","GNQ",0,"632",0.0960617882601349
"1609","GRD",0,"632",0.0512396741855948
"1610","GRD",0,"632",0.051804144773814
"1611","GUY",1,"632",0.225833648668464
"1612","HND",1,"632",0.90452607337303
"1613","IDN",1,"632",0.627145670467827
"1614","IDN",1,"632",0.657646504000084
"1615","IND",1,"632",0.55643756917476
"1616","LCA",0,"632",0.0509592004636816
"1617","MAR",0,"632",0.227708320461663
"1618","MOZ",1,"632",0.556430865265572
"1619","MYS",0,"632",0.655446531167997
"1620","MYS",0,"632",0.621279075548514
"1621","PAK",1,"632",0.178220918416263
"1622","PAK",1,"632",0.171364325830698
"1623","PNG",1,"632",0.920074346727739
"1624","TGO",0,"632",0.0578571520989386
"1625","VCT",0,"632",0.0732709437686316
"1626","ARE",1,"643",0.345003511908168
"1627","BRB",0,"643",0.0462468527544774
"1628","CIV",0,"643",0.174311317348098
"1629","CIV",0,"643",0.0836215707000058
"1630","CMR",0,"643",0.334093233744353
"1631","GHA",0,"643",0.261768777261212
"1632","GIN",0,"643",0.112540290827582
"1633","GNQ",0,"643",0.0838971560313346
"1634","GRD",0,"643",0.038801214800748
"1635","GRD",0,"643",0.0418696240146154
"1636","GUY",1,"643",0.248100578395404
"1637","HND",1,"643",0.907958965515974
"1638","IDN",1,"643",0.627723980396102
"1639","IDN",1,"643",0.655049368863734
"1640","IND",1,"643",0.559020986390481
"1641","LCA",0,"643",0.0406099648993421
"1642","MAR",0,"643",0.230198415404446
"1643","MOZ",1,"643",0.532533838758198
"1644","MYS",0,"643",0.641729918264671
"1645","MYS",0,"643",0.618198371408363
"1646","PAK",1,"643",0.145558934412084
"1647","PAK",1,"643",0.126759840091116
"1648","PNG",1,"643",0.930480358443612
"1649","TGO",0,"643",0.0542780679330399
"1650","VCT",0,"643",0.0662317938574285
"1651","ARE",1,"654",0.370050459718104
"1652","BRB",0,"654",0.0517740528860185
"1653","CIV",0,"654",0.208494887170447
"1654","CIV",0,"654",0.103251160185778
"1655","CMR",0,"654",0.376421784732049
"1656","GHA",0,"654",0.263727675598519
"1657","GIN",0,"654",0.11942372730099
"1658","GNQ",0,"654",0.0996544434517754
"1659","GRD",0,"654",0.0467854086088519
"1660","GRD",0,"654",0.048830714016061
"1661","GUY",1,"654",0.228458807156568
"1662","HND",1,"654",0.892659046217745
"1663","IDN",1,"654",0.662312376743075
"1664","IDN",1,"654",0.686412122981515
"1665","IND",1,"654",0.532285683281654
"1666","LCA",0,"654",0.0508443003617442
"1667","MAR",0,"654",0.216949723618893
"1668","MOZ",1,"654",0.566176202613026
"1669","MYS",0,"654",0.668024205102097
"1670","MYS",0,"654",0.639639947377444
"1671","PAK",1,"654",0.178976992805589
"1672","PAK",1,"654",0.163771394309102
"1673","PNG",1,"654",0.911168527103677
"1674","TGO",0,"654",0.0596091820831867
"1675","VCT",0,"654",0.0806641636856149
"1676","ARE",1,"664",0.439869925828214
"1677","BRB",0,"664",0.0806171426997874
"1678","CIV",0,"664",0.245328457970978
"1679","CIV",0,"664",0.129133485531122
"1680","CMR",0,"664",0.388824935764467
"1681","GHA",0,"664",0.312977281106872
"1682","GIN",0,"664",0.158055570342298
"1683","GNQ",0,"664",0.12945374574137
"1684","GRD",0,"664",0.0784131180985179
"1685","GRD",0,"664",0.0801236189945706
"1686","GUY",1,"664",0.296904344228975
"1687","HND",1,"664",0.869807227535976
"1688","IDN",1,"664",0.637683789085737
"1689","IDN",1,"664",0.653835762803454
"1690","IND",1,"664",0.499783856490528
"1691","LCA",0,"664",0.0783684120251522
"1692","MAR",0,"664",0.25178368913476
"1693","MOZ",1,"664",0.58860209662956
"1694","MYS",0,"664",0.633498560490523
"1695","MYS",0,"664",0.61391931179578
"1696","PAK",1,"664",0.221947767461197
"1697","PAK",1,"664",0.207754227335437
"1698","PNG",1,"664",0.872841967694378
"1699","TGO",0,"664",0.0887863039666972
"1700","VCT",0,"664",0.110243227180669
"1701","ARE",1,"672",0.441499787211308
"1702","BRB",0,"672",0.0698120812972601
"1703","CIV",0,"672",0.265158080271794
"1704","CIV",0,"672",0.128081006562317
"1705","CMR",0,"672",0.33626081522842
"1706","GHA",0,"672",0.302471931109048
"1707","GIN",0,"672",0.139327841282499
"1708","GNQ",0,"672",0.127384879322135
"1709","GRD",0,"672",0.0671718817245952
"1710","GRD",0,"672",0.0699349965164822
"1711","GUY",1,"672",0.251556568492613
"1712","HND",1,"672",0.866487700493017
"1713","IDN",1,"672",0.638310628235428
"1714","IDN",1,"672",0.65901143297385
"1715","IND",1,"672",0.497955822609423
"1716","LCA",0,"672",0.0683189097495729
"1717","MAR",0,"672",0.227902362942433
"1718","MOZ",1,"672",0.596178134603256
"1719","MYS",0,"672",0.644131515519702
"1720","MYS",0,"672",0.62780259185306
"1721","PAK",1,"672",0.197288679920952
"1722","PAK",1,"672",0.186832077525963
"1723","PNG",1,"672",0.884680925539291
"1724","TGO",0,"672",0.0807730100145304
"1725","VCT",0,"672",0.101416284830417
"1726","ARE",1,"682",0.281395230873845
"1727","BRB",0,"682",0.0284008725118009
"1728","CIV",0,"682",0.138897819426089
"1729","CIV",0,"682",0.0519619672875693
"1730","CMR",0,"682",0.244496296296925
"1731","GHA",0,"682",0.20035727629693
"1732","GIN",0,"682",0.0703433333157072
"1733","GNQ",0,"682",0.0590279798516174
"1734","GRD",0,"682",0.0255249648904334
"1735","GRD",0,"682",0.0259595157434516
"1736","GUY",1,"682",0.170539988594024
"1737","HND",1,"682",0.941936920646912
"1738","IDN",1,"682",0.586959573961556
"1739","IDN",1,"682",0.62125746127889
"1740","IND",1,"682",0.573906087365707
"1741","LCA",0,"682",0.0252755985075968
"1742","MAR",0,"682",0.212764185528426
"1743","MOZ",1,"682",0.438681226247648
"1744","MYS",0,"682",0.701577537750761
"1745","MYS",0,"682",0.676139897410444
"1746","PAK",1,"682",0.118119252450518
"1747","PAK",1,"682",0.11270992455004
"1748","PNG",1,"682",0.95654234669615
"1749","TGO",0,"682",0.0299711223969066
"1750","VCT",0,"682",0.0407267458209908
"1751","ARE",1,"695",0.339896452068327
"1752","BRB",0,"695",0.0449146622661241
"1753","CIV",0,"695",0.199956619327363
"1754","CIV",0,"695",0.0809392967439493
"1755","CMR",0,"695",0.328494048804262
"1756","GHA",0,"695",0.286488729832533
"1757","GIN",0,"695",0.0936847350311025
"1758","GNQ",0,"695",0.0846116042956018
"1759","GRD",0,"695",0.0379483640948033
"1760","GRD",0,"695",0.039465704533445
"1761","GUY",1,"695",0.22888938009249
"1762","HND",1,"695",0.915626887605332
"1763","IDN",1,"695",0.631927671003211
"1764","IDN",1,"695",0.652424106301477
"1765","IND",1,"695",0.525705485225523
"1766","LCA",0,"695",0.0388012569974675
"1767","MAR",0,"695",0.221956109118734
"1768","MOZ",1,"695",0.521663755271074
"1769","MYS",0,"695",0.690614655649228
"1770","MYS",0,"695",0.672850485328425
"1771","PAK",1,"695",0.144644192264406
"1772","PAK",1,"695",0.128954420652035
"1773","PNG",1,"695",0.932349606370217
"1774","TGO",0,"695",0.0476783085154688
"1775","VCT",0,"695",0.0582259249466203
"1776","ARE",1,"707",0.428892972238276
"1777","BRB",0,"707",0.0841583354548239
"1778","CIV",0,"707",0.258905773013184
"1779","CIV",0,"707",0.135489570466615
"1780","CMR",0,"707",0.423597905505599
"1781","GHA",0,"707",0.321775302900564
"1782","GIN",0,"707",0.159636092423314
"1783","GNQ",0,"707",0.122599203856477
"1784","GRD",0,"707",0.0748970743506418
"1785","GRD",0,"707",0.0776092440524664
"1786","GUY",1,"707",0.293947219288267
"1787","HND",1,"707",0.847945987655546
"1788","IDN",1,"707",0.642052185050177
"1789","IDN",1,"707",0.657015245298092
"1790","IND",1,"707",0.489685986179443
"1791","LCA",0,"707",0.0762176762239503
"1792","MAR",0,"707",0.252821820924167
"1793","MOZ",1,"707",0.568603082297684
"1794","MYS",0,"707",0.600444835602203
"1795","MYS",0,"707",0.591571369772587
"1796","PAK",1,"707",0.203279232426469
"1797","PAK",1,"707",0.204762689782994
"1798","PNG",1,"707",0.882937844631097
"1799","TGO",0,"707",0.0981987639038915
"1800","VCT",0,"707",0.111741466003683
"1801","ARE",1,"714",0.384790665026057
"1802","BRB",0,"714",0.0559608461503148
"1803","CIV",0,"714",0.214260487011479
"1804","CIV",0,"714",0.0998640254556178
"1805","CMR",0,"714",0.351483953762398
"1806","GHA",0,"714",0.292542364916975
"1807","GIN",0,"714",0.118207359067876
"1808","GNQ",0,"714",0.101651653704778
"1809","GRD",0,"714",0.0541324470199231
"1810","GRD",0,"714",0.0563876731789759
"1811","GUY",1,"714",0.271563175401298
"1812","HND",1,"714",0.900976827145838
"1813","IDN",1,"714",0.623777877777243
"1814","IDN",1,"714",0.644172049743371
"1815","IND",1,"714",0.483125590779965
"1816","LCA",0,"714",0.0533522075456837
"1817","MAR",0,"714",0.191022559736769
"1818","MOZ",1,"714",0.564166835656612
"1819","MYS",0,"714",0.65046068026207
"1820","MYS",0,"714",0.641318371109179
"1821","PAK",1,"714",0.174073677213743
"1822","PAK",1,"714",0.160860650337221
"1823","PNG",1,"714",0.91972853704678
"1824","TGO",0,"714",0.0558685583854535
"1825","VCT",0,"714",0.0695654824627662
"1826","ARE",1,"724",0.385192707274139
"1827","BRB",0,"724",0.0483194852429831
"1828","CIV",0,"724",0.213207511549669
"1829","CIV",0,"724",0.0956386453638226
"1830","CMR",0,"724",0.378985583817904
"1831","GHA",0,"724",0.275158164614578
"1832","GIN",0,"724",0.102448596650093
"1833","GNQ",0,"724",0.0981496837392254
"1834","GRD",0,"724",0.0416354989637081
"1835","GRD",0,"724",0.0433881748445354
"1836","GUY",1,"724",0.229271745900614
"1837","HND",1,"724",0.908481212552282
"1838","IDN",1,"724",0.641434510557246
"1839","IDN",1,"724",0.673055393040735
"1840","IND",1,"724",0.533922525196214
"1841","LCA",0,"724",0.044188197147049
"1842","MAR",0,"724",0.207541329671757
"1843","MOZ",1,"724",0.546547049632589
"1844","MYS",0,"724",0.682723374371752
"1845","MYS",0,"724",0.652802966117751
"1846","PAK",1,"724",0.171473224212876
"1847","PAK",1,"724",0.164703585430538
"1848","PNG",1,"724",0.925463578556044
"1849","TGO",0,"724",0.0538770179957237
"1850","VCT",0,"724",0.0685691214768838
"1851","ARE",1,"735",0.361417193282309
"1852","BRB",0,"735",0.0439173010646175
"1853","CIV",0,"735",0.19372284328585
"1854","CIV",0,"735",0.0785419735860344
"1855","CMR",0,"735",0.336120487098037
"1856","GHA",0,"735",0.266523683280565
"1857","GIN",0,"735",0.0962387302227551
"1858","GNQ",0,"735",0.0829380966463278
"1859","GRD",0,"735",0.039378153497282
"1860","GRD",0,"735",0.0402832703496812
"1861","GUY",1,"735",0.242628396428058
"1862","HND",1,"735",0.923170585058821
"1863","IDN",1,"735",0.605934232110827
"1864","IDN",1,"735",0.634795215493614
"1865","IND",1,"735",0.533204331542302
"1866","LCA",0,"735",0.0406526704188413
"1867","MAR",0,"735",0.232818244608115
"1868","MOZ",1,"735",0.549918492946765
"1869","MYS",0,"735",0.716201489858079
"1870","MYS",0,"735",0.701895876107562
"1871","PAK",1,"735",0.164468124068393
"1872","PAK",1,"735",0.152333103839013
"1873","PNG",1,"735",0.932949549155756
"1874","TGO",0,"735",0.0452668011309643
"1875","VCT",0,"735",0.0580408692874631
"1876","ARE",1,"745",0.404210437007582
"1877","BRB",0,"745",0.0666510803938548
"1878","CIV",0,"745",0.233399263523545
"1879","CIV",0,"745",0.110303676242524
"1880","CMR",0,"745",0.35601435358842
"1881","GHA",0,"745",0.293659443142152
"1882","GIN",0,"745",0.142004749316988
"1883","GNQ",0,"745",0.100880963834539
"1884","GRD",0,"745",0.0578732274131324
"1885","GRD",0,"745",0.0613468138569573
"1886","GUY",1,"745",0.291009963212768
"1887","HND",1,"745",0.884450528635414
"1888","IDN",1,"745",0.636164457168233
"1889","IDN",1,"745",0.653276635237334
"1890","IND",1,"745",0.516446326825652
"1891","LCA",0,"745",0.0589414963866626
"1892","MAR",0,"745",0.232145989495501
"1893","MOZ",1,"745",0.583067871164716
"1894","MYS",0,"745",0.67153977089846
"1895","MYS",0,"745",0.641966760139411
"1896","PAK",1,"745",0.172204505226739
"1897","PAK",1,"745",0.170778738393174
"1898","PNG",1,"745",0.905423055155145
"1899","TGO",0,"745",0.0675789122887952
"1900","VCT",0,"745",0.0828933977407714
"1901","ARE",1,"759",0.401671248145764
"1902","BRB",0,"759",0.0566676310617037
"1903","CIV",0,"759",0.211791438702227
"1904","CIV",0,"759",0.10173033109577
"1905","CMR",0,"759",0.350400544912021
"1906","GHA",0,"759",0.282015612238767
"1907","GIN",0,"759",0.131583994494851
"1908","GNQ",0,"759",0.107489013656638
"1909","GRD",0,"759",0.0504216778216422
"1910","GRD",0,"759",0.0529244507241071
"1911","GUY",1,"759",0.258294939999698
"1912","HND",1,"759",0.894569931123882
"1913","IDN",1,"759",0.644289592986987
"1914","IDN",1,"759",0.658314716807357
"1915","IND",1,"759",0.526807100150915
"1916","LCA",0,"759",0.0537792006059171
"1917","MAR",0,"759",0.240214824354884
"1918","MOZ",1,"759",0.542286108651266
"1919","MYS",0,"759",0.660389847946761
"1920","MYS",0,"759",0.638053616468723
"1921","PAK",1,"759",0.152182492588747
"1922","PAK",1,"759",0.145332687791054
"1923","PNG",1,"759",0.906113875301212
"1924","TGO",0,"759",0.0618023297886559
"1925","VCT",0,"759",0.0765497381149826
"1926","ARE",1,"766",0.35798642109327
"1927","BRB",0,"766",0.0414845189689161
"1928","CIV",0,"766",0.175189700363088
"1929","CIV",0,"766",0.0798087728840807
"1930","CMR",0,"766",0.28958705080489
"1931","GHA",0,"766",0.232162933496686
"1932","GIN",0,"766",0.105709703531064
"1933","GNQ",0,"766",0.0901653146135074
"1934","GRD",0,"766",0.0364146292866137
"1935","GRD",0,"766",0.0379888361666632
"1936","GUY",1,"766",0.210643888949436
"1937","HND",1,"766",0.910611638805744
"1938","IDN",1,"766",0.632354789390415
"1939","IDN",1,"766",0.65592387995053
"1940","IND",1,"766",0.551023923392159
"1941","LCA",0,"766",0.0377409710618769
"1942","MAR",0,"766",0.21498414666654
"1943","MOZ",1,"766",0.52260387776916
"1944","MYS",0,"766",0.651440469437423
"1945","MYS",0,"766",0.62788319221564
"1946","PAK",1,"766",0.157577277233503
"1947","PAK",1,"766",0.141076798396427
"1948","PNG",1,"766",0.927748271755634
"1949","TGO",0,"766",0.0477922832102084
"1950","VCT",0,"766",0.0613342968075007
"1951","ARE",1,"777",0.334122754967407
"1952","BRB",0,"777",0.0379388155961852
"1953","CIV",0,"777",0.153037129634718
"1954","CIV",0,"777",0.0736938596994911
"1955","CMR",0,"777",0.30158490348268
"1956","GHA",0,"777",0.230735298250886
"1957","GIN",0,"777",0.0993204476110378
"1958","GNQ",0,"777",0.08112235443802
"1959","GRD",0,"777",0.035161624368509
"1960","GRD",0,"777",0.0377505424457236
"1961","GUY",1,"777",0.209657280914904
"1962","HND",1,"777",0.931666857015551
"1963","IDN",1,"777",0.617382246408396
"1964","IDN",1,"777",0.649798086896716
"1965","IND",1,"777",0.584578984527969
"1966","LCA",0,"777",0.0367246897484619
"1967","MAR",0,"777",0.244867588343199
"1968","MOZ",1,"777",0.526572227538548
"1969","MYS",0,"777",0.661128119772179
"1970","MYS",0,"777",0.641758060933258
"1971","PAK",1,"777",0.149663646899726
"1972","PAK",1,"777",0.124517300159853
"1973","PNG",1,"777",0.932950527729365
"1974","TGO",0,"777",0.0431909441877683
"1975","VCT",0,"777",0.057015343520819
"1976","ARE",1,"787",0.38502322833058
"1977","BRB",0,"787",0.0504856165697394
"1978","CIV",0,"787",0.172716160004464
"1979","CIV",0,"787",0.0727962313704498
"1980","CMR",0,"787",0.30054580824415
"1981","GHA",0,"787",0.280260171533743
"1982","GIN",0,"787",0.100175584362605
"1983","GNQ",0,"787",0.0881957879012507
"1984","GRD",0,"787",0.0466426596330308
"1985","GRD",0,"787",0.048578886952233
"1986","GUY",1,"787",0.23044155531911
"1987","HND",1,"787",0.907867603843764
"1988","IDN",1,"787",0.604027154553168
"1989","IDN",1,"787",0.636533575323938
"1990","IND",1,"787",0.559832169489028
"1991","LCA",0,"787",0.0452489035356713
"1992","MAR",0,"787",0.213731462414994
"1993","MOZ",1,"787",0.526887367233049
"1994","MYS",0,"787",0.695741121185344
"1995","MYS",0,"787",0.676638670740189
"1996","PAK",1,"787",0.1720626047511
"1997","PAK",1,"787",0.16310444492191
"1998","PNG",1,"787",0.927246385375735
"1999","TGO",0,"787",0.0476963976576637
"2000","VCT",0,"787",0.0690600890031852
"2001","ARE",1,"798",0.275013155824573
"2002","BRB",0,"798",0.031678665719154
"2003","CIV",0,"798",0.128756065770886
"2004","CIV",0,"798",0.0500749851790018
"2005","CMR",0,"798",0.222499913286942
"2006","GHA",0,"798",0.174921801055685
"2007","GIN",0,"798",0.0864889555001644
"2008","GNQ",0,"798",0.0614888527546255
"2009","GRD",0,"798",0.0290636134535667
"2010","GRD",0,"798",0.0296019902679838
"2011","GUY",1,"798",0.147741320751542
"2012","HND",1,"798",0.943550805709021
"2013","IDN",1,"798",0.585648089037668
"2014","IDN",1,"798",0.610727527409014
"2015","IND",1,"798",0.6006964071853
"2016","LCA",0,"798",0.0279523352721016
"2017","MAR",0,"798",0.232081444184643
"2018","MOZ",1,"798",0.4418115274436
"2019","MYS",0,"798",0.707121466498373
"2020","MYS",0,"798",0.685517095107388
"2021","PAK",1,"798",0.158886825295889
"2022","PAK",1,"798",0.129662056851261
"2023","PNG",1,"798",0.954527039353774
"2024","TGO",0,"798",0.0324355703536409
"2025","VCT",0,"798",0.0391723698402915
"2026","ARE",1,"809",0.35393351150729
"2027","BRB",0,"809",0.0437720335507398
"2028","CIV",0,"809",0.160322810082456
"2029","CIV",0,"809",0.0728530152506598
"2030","CMR",0,"809",0.30325161775028
"2031","GHA",0,"809",0.232650175501606
"2032","GIN",0,"809",0.0968894220595333
"2033","GNQ",0,"809",0.0822214998341761
"2034","GRD",0,"809",0.0419859703249455
"2035","GRD",0,"809",0.0432579922571922
"2036","GUY",1,"809",0.229650872528994
"2037","HND",1,"809",0.921754479602032
"2038","IDN",1,"809",0.622358054144613
"2039","IDN",1,"809",0.644599796814182
"2040","IND",1,"809",0.558813063591484
"2041","LCA",0,"809",0.0407854216017728
"2042","MAR",0,"809",0.251891884395646
"2043","MOZ",1,"809",0.537975885268458
"2044","MYS",0,"809",0.70650587422881
"2045","MYS",0,"809",0.68385684464873
"2046","PAK",1,"809",0.182350131416947
"2047","PAK",1,"809",0.15572823496955
"2048","PNG",1,"809",0.932273079668183
"2049","TGO",0,"809",0.0478664889418591
"2050","VCT",0,"809",0.0619797685982673
