"","ISO3","Prediction","RunNo"
"1","BHS",0.746824446052772,"2"
"2","CUB",0.906091180703978,"2"
"3","DOM",0.279655437049445,"2"
"4","HTI",0.187359516479741,"2"
"5","JAM",0.0453458013151463,"2"
"6","MEX",0.826135556500361,"2"
"7","BRN",0.0543063904689863,"2"
"8","CHN",0.161583547501518,"2"
"9","KEN",0.415025841802626,"2"
"10","MMR",0.570597294948045,"2"
"11","LKA",0.832839550043868,"2"
"12","TWN",0.144488168871468,"2"
"13","TZA",0.899529025009599,"2"
"14","TLS",0.147094851850622,"2"
"15","VNM",0.310496125985216,"2"
"16","SLV",0.14985472226637,"2"
"17","KHM",0.105834861382338,"2"
"18","CHN",0.1632568227095,"2"
"19","JPN",0.173737275262535,"2"
"20","KOR",0.271455153354345,"2"
"21","OMN",0.146089448082546,"2"
"22","SGP",0.117473242369927,"2"
"23","SOM",0.704546651089555,"2"
"24","TWN",0.13615236613945,"2"
"25","THA",0.192625957953244,"2"
"26","TLS",0.159079682118126,"2"
"27","YEM",0.635499807870139,"2"
"28","BGD",0.729451800560908,"2"
"29","BRN",0.163559967483674,"2"
"30","KHM",0.156895075942194,"2"
"31","CHN",0.176991351783938,"2"
"32","DJI",0.14596422261243,"2"
"33","EGY",0.21802306678034,"2"
"34","IND",0.588482896091574,"2"
"35","IRN",0.388820218965642,"2"
"36","IRQ",0.189447423131249,"2"
"37","KWT",0.646236642020477,"2"
"38","MDG",0.875449622401809,"2"
"39","MMR",0.6495705393576,"2"
"40","SGP",0.137419092074079,"2"
"41","SOM",0.710985533331856,"2"
"42","LKA",0.825932844539605,"2"
"43","TWN",0.139913611854031,"2"
"44","TZA",0.889013883154209,"2"
"45","TLS",0.770149657326039,"2"
"46","VNM",0.320410625113518,"2"
"47","YEM",0.64488320936322,"2"
"48","SLB",0.785933341597846,"2"
"49","BRA",0.819362354553053,"2"
"50","COL",0.86909694956222,"2"
"51","CRI",0.615896939625367,"2"
"52","DOM",0.282199439731467,"2"
"53","GUF",0.717992528615047,"2"
"54","GIN",0.134075317912418,"2"
"55","GUY",0.247714428738356,"2"
"56","HTI",0.17804017616464,"2"
"57","PAN",0.851236738196447,"2"
"58","SUR",0.745624901304157,"2"
"59","VEN",0.372624138123736,"2"
"60","BHS",0.722289293501161,"17"
"61","CUB",0.891914099389786,"17"
"62","DOM",0.292437891048535,"17"
"63","HTI",0.190927273370487,"17"
"64","JAM",0.0600990647250493,"17"
"65","MEX",0.797085314309086,"17"
"66","BRN",0.0747296820333809,"17"
"67","CHN",0.17903539769084,"17"
"68","KEN",0.398933748304206,"17"
"69","MMR",0.525193127632379,"17"
"70","LKA",0.800065833607634,"17"
"71","TWN",0.163664944084799,"17"
"72","TZA",0.880741482682105,"17"
"73","TLS",0.15318391301531,"17"
"74","VNM",0.300751713061772,"17"
"75","SLV",0.17617080226108,"17"
"76","KHM",0.122341034196224,"17"
"77","CHN",0.178312938366186,"17"
"78","JPN",0.184621169411804,"17"
"79","KOR",0.271650097984839,"17"
"80","OMN",0.165367731433861,"17"
"81","SGP",0.132549647128857,"17"
"82","SOM",0.693448594000512,"17"
"83","TWN",0.154427750147637,"17"
"84","THA",0.197627573008515,"17"
"85","TLS",0.168868839190933,"17"
"86","YEM",0.597179403279889,"17"
"87","BGD",0.66855764505282,"17"
"88","BRN",0.180908422229434,"17"
"89","KHM",0.167030102663421,"17"
"90","CHN",0.192439327344447,"17"
"91","DJI",0.149024036637717,"17"
"92","EGY",0.288185542014433,"17"
"93","IND",0.555768330259766,"17"
"94","IRN",0.383628075235131,"17"
"95","IRQ",0.190847964716576,"17"
"96","KWT",0.651850429249107,"17"
"97","MDG",0.866581279246783,"17"
"98","MMR",0.6096183179829,"17"
"99","SGP",0.14556441016191,"17"
"100","SOM",0.692649183513668,"17"
"101","LKA",0.786366038361979,"17"
"102","TWN",0.160330649098686,"17"
"103","TZA",0.874928325815331,"17"
"104","TLS",0.71559688842961,"17"
"105","VNM",0.319277265520106,"17"
"106","YEM",0.600109594726651,"17"
"107","SLB",0.754785961036722,"17"
"108","BRA",0.805495093393366,"17"
"109","COL",0.84844149257575,"17"
"110","CRI",0.559110342661653,"17"
"111","DOM",0.30264442827323,"17"
"112","GUF",0.702028559478263,"17"
"113","GIN",0.153313121169905,"17"
"114","GUY",0.296852457354931,"17"
"115","HTI",0.181603106514012,"17"
"116","PAN",0.837677344958662,"17"
"117","SUR",0.719185891519963,"17"
"118","VEN",0.378905542315678,"17"
"119","BHS",0.782487676296306,"27"
"120","CUB",0.93357328488739,"27"
"121","DOM",0.307656982769953,"27"
"122","HTI",0.176522212454194,"27"
"123","JAM",0.0395956833208387,"27"
"124","MEX",0.859984713205148,"27"
"125","BRN",0.0479339965587718,"27"
"126","CHN",0.139053352735098,"27"
"127","KEN",0.407914433555575,"27"
"128","MMR",0.556481491530806,"27"
"129","LKA",0.875346040989511,"27"
"130","TWN",0.102595423389805,"27"
"131","TZA",0.907814321167325,"27"
"132","TLS",0.118339682151867,"27"
"133","VNM",0.332622562162169,"27"
"134","SLV",0.133202280821094,"27"
"135","KHM",0.101736068620648,"27"
"136","CHN",0.139469468909618,"27"
"137","JPN",0.124944218819287,"27"
"138","KOR",0.230460177910746,"27"
"139","OMN",0.156558045263925,"27"
"140","SGP",0.0846339901151263,"27"
"141","SOM",0.72740143584728,"27"
"142","TWN",0.0990163163671412,"27"
"143","THA",0.176520794659026,"27"
"144","TLS",0.133591659247372,"27"
"145","YEM",0.655613511777639,"27"
"146","BGD",0.740954841721262,"27"
"147","BRN",0.154149884636933,"27"
"148","KHM",0.166729426879833,"27"
"149","CHN",0.16474016908584,"27"
"150","DJI",0.132798141301592,"27"
"151","EGY",0.187644448073136,"27"
"152","IND",0.614704097025395,"27"
"153","IRN",0.435413276946912,"27"
"154","IRQ",0.188226863260556,"27"
"155","KWT",0.72660607878535,"27"
"156","MDG",0.885633965562051,"27"
"157","MMR",0.667379604620354,"27"
"158","SGP",0.106517594899218,"27"
"159","SOM",0.733873784732447,"27"
"160","LKA",0.865048292388357,"27"
"161","TWN",0.107867202045872,"27"
"162","TZA",0.900966526675848,"27"
"163","TLS",0.773818151165965,"27"
"164","VNM",0.350553923802092,"27"
"165","YEM",0.655381821693638,"27"
"166","SLB",0.723568289303413,"27"
"167","BRA",0.864355725531693,"27"
"168","COL",0.892083965582257,"27"
"169","CRI",0.662200076057806,"27"
"170","DOM",0.314579296332702,"27"
"171","GUF",0.740450457252333,"27"
"172","GIN",0.1116439251677,"27"
"173","GUY",0.184272374978449,"27"
"174","HTI",0.16222744161462,"27"
"175","PAN",0.866583135173025,"27"
"176","SUR",0.757750810073505,"27"
"177","VEN",0.393781872292796,"27"
"178","BHS",0.683341790140768,"37"
"179","CUB",0.820978258627881,"37"
"180","DOM",0.317619151369048,"37"
"181","HTI",0.230995848917045,"37"
"182","JAM",0.103964658320499,"37"
"183","MEX",0.716105018997766,"37"
"184","BRN",0.118134770688961,"37"
"185","CHN",0.251283808425176,"37"
"186","KEN",0.363520360930713,"37"
"187","MMR",0.510639541122709,"37"
"188","LKA",0.691352912229638,"37"
"189","TWN",0.216940784306093,"37"
"190","TZA",0.799627162734886,"37"
"191","TLS",0.200278179919536,"37"
"192","VNM",0.361394019399566,"37"
"193","SLV",0.211623777384527,"37"
"194","KHM",0.172936848361944,"37"
"195","CHN",0.251687892578302,"37"
"196","JPN",0.28473373216282,"37"
"197","KOR",0.336787091298958,"37"
"198","OMN",0.169371237640454,"37"
"199","SGP",0.200837381621828,"37"
"200","SOM",0.618769699442161,"37"
"201","TWN",0.209342188867674,"37"
"202","THA",0.25855952713961,"37"
"203","TLS",0.213074098596582,"37"
"204","YEM",0.55554753413356,"37"
"205","BGD",0.61169240336186,"37"
"206","BRN",0.227674871509076,"37"
"207","KHM",0.217667345947587,"37"
"208","CHN",0.25652976029902,"37"
"209","DJI",0.186664799896249,"37"
"210","EGY",0.396279352880599,"37"
"211","IND",0.517705142001394,"37"
"212","IRN",0.353415105961265,"37"
"213","IRQ",0.194872683616246,"37"
"214","KWT",0.566354932739252,"37"
"215","MDG",0.788066319160208,"37"
"216","MMR",0.558944092729095,"37"
"217","SGP",0.205683784177597,"37"
"218","SOM",0.612098222711978,"37"
"219","LKA",0.665171887410365,"37"
"220","TWN",0.207905845139979,"37"
"221","TZA",0.787172023969636,"37"
"222","TLS",0.669980301379948,"37"
"223","VNM",0.364648717013146,"37"
"224","YEM",0.546317209776431,"37"
"225","SLB",0.719314619948664,"37"
"226","BRA",0.716981755265885,"37"
"227","COL",0.80065966553395,"37"
"228","CRI",0.430540387602495,"37"
"229","DOM",0.325741436226398,"37"
"230","GUF",0.664595556972048,"37"
"231","GIN",0.227604667366309,"37"
"232","GUY",0.349640354458284,"37"
"233","HTI",0.226853812243975,"37"
"234","PAN",0.720601587778587,"37"
"235","SUR",0.6621085745334,"37"
"236","VEN",0.416884237538747,"37"
"237","BHS",0.75387166713948,"47"
"238","CUB",0.902823705705909,"47"
"239","DOM",0.270817671646037,"47"
"240","HTI",0.183433531670982,"47"
"241","JAM",0.0516847628430884,"47"
"242","MEX",0.819176981563702,"47"
"243","BRN",0.0607476285512214,"47"
"244","CHN",0.16600705735819,"47"
"245","KEN",0.411346199200414,"47"
"246","MMR",0.535755162781138,"47"
"247","LKA",0.80353820630799,"47"
"248","TWN",0.140626422033108,"47"
"249","TZA",0.892185912075202,"47"
"250","TLS",0.139745585254007,"47"
"251","VNM",0.305646170261398,"47"
"252","SLV",0.161175655872877,"47"
"253","KHM",0.122778757191983,"47"
"254","CHN",0.167220363998233,"47"
"255","JPN",0.196689133982969,"47"
"256","KOR",0.306488338214053,"47"
"257","OMN",0.140317824844303,"47"
"258","SGP",0.122238340432245,"47"
"259","SOM",0.670161561505306,"47"
"260","TWN",0.131786568526951,"47"
"261","THA",0.196661848118199,"47"
"262","TLS",0.154971947944699,"47"
"263","YEM",0.579621830032087,"47"
"264","BGD",0.695110594667986,"47"
"265","BRN",0.174289806507358,"47"
"266","KHM",0.184265507093135,"47"
"267","CHN",0.183788029696761,"47"
"268","DJI",0.147034554922642,"47"
"269","EGY",0.27973247273192,"47"
"270","IND",0.580262271869108,"47"
"271","IRN",0.364371786671282,"47"
"272","IRQ",0.189956816362458,"47"
"273","KWT",0.662958096380829,"47"
"274","MDG",0.844048761349275,"47"
"275","MMR",0.629054860534331,"47"
"276","SGP",0.143108051870524,"47"
"277","SOM",0.688335439745541,"47"
"278","LKA",0.783686142852789,"47"
"279","TWN",0.136826529488662,"47"
"280","TZA",0.877921876369155,"47"
"281","TLS",0.738037504205947,"47"
"282","VNM",0.323869855210671,"47"
"283","YEM",0.610834319547187,"47"
"284","SLB",0.749624187814648,"47"
"285","BRA",0.817376060111495,"47"
"286","COL",0.859887521799432,"47"
"287","CRI",0.594755507758771,"47"
"288","DOM",0.271636524588813,"47"
"289","GUF",0.700543633848973,"47"
"290","GIN",0.15765219052853,"47"
"291","GUY",0.262434383017517,"47"
"292","HTI",0.169001490540074,"47"
"293","PAN",0.845391773326871,"47"
"294","SUR",0.726818356766576,"47"
"295","VEN",0.357312900648551,"47"
"296","BHS",0.737783169471021,"57"
"297","CUB",0.883897231679351,"57"
"298","DOM",0.27427890040695,"57"
"299","HTI",0.200624452524652,"57"
"300","JAM",0.0594597523488848,"57"
"301","MEX",0.802447755212415,"57"
"302","BRN",0.0738088804782655,"57"
"303","CHN",0.195495635309331,"57"
"304","KEN",0.384492221977182,"57"
"305","MMR",0.517226004651684,"57"
"306","LKA",0.816431527010646,"57"
"307","TWN",0.163859574688249,"57"
"308","TZA",0.880626919644401,"57"
"309","TLS",0.152431337630238,"57"
"310","VNM",0.341154215675428,"57"
"311","SLV",0.171854819603844,"57"
"312","KHM",0.114269970125757,"57"
"313","CHN",0.194329062631841,"57"
"314","JPN",0.212544101574256,"57"
"315","KOR",0.310699846705902,"57"
"316","OMN",0.145653730374871,"57"
"317","SGP",0.136976575189645,"57"
"318","SOM",0.677614513213768,"57"
"319","TWN",0.153182352512917,"57"
"320","THA",0.215158702047485,"57"
"321","TLS",0.164916032934889,"57"
"322","YEM",0.572550938485484,"57"
"323","BGD",0.652497701847819,"57"
"324","BRN",0.190304403505113,"57"
"325","KHM",0.168740862646482,"57"
"326","CHN",0.211627351483312,"57"
"327","DJI",0.152603081949044,"57"
"328","EGY",0.277873979323791,"57"
"329","IND",0.558128710385825,"57"
"330","IRN",0.390015849231758,"57"
"331","IRQ",0.179593863441536,"57"
"332","KWT",0.624517587801932,"57"
"333","MDG",0.848139855913239,"57"
"334","MMR",0.619976479189485,"57"
"335","SGP",0.153606001734078,"57"
"336","SOM",0.678279556727253,"57"
"337","LKA",0.799041989379107,"57"
"338","TWN",0.15470041662712,"57"
"339","TZA",0.869640595151097,"57"
"340","TLS",0.695159521027395,"57"
"341","VNM",0.350222426927538,"57"
"342","YEM",0.572500154468513,"57"
"343","SLB",0.743623634247984,"57"
"344","BRA",0.810248675701197,"57"
"345","COL",0.86910854836525,"57"
"346","CRI",0.562653029783788,"57"
"347","DOM",0.281522643218145,"57"
"348","GUF",0.69293970221956,"57"
"349","GIN",0.163538039478723,"57"
"350","GUY",0.288502102997547,"57"
"351","HTI",0.191092519632124,"57"
"352","PAN",0.828883506291992,"57"
"353","SUR",0.707691121496919,"57"
"354","VEN",0.349912673554453,"57"
"355","BHS",0.733557884978119,"65"
"356","CUB",0.884180721006562,"65"
"357","DOM",0.301697133122811,"65"
"358","HTI",0.205001837500922,"65"
"359","JAM",0.0682284704417759,"65"
"360","MEX",0.787643846079723,"65"
"361","BRN",0.0705312648191324,"65"
"362","CHN",0.204810532093673,"65"
"363","KEN",0.415870334232682,"65"
"364","MMR",0.496560443251243,"65"
"365","LKA",0.782358640111887,"65"
"366","TWN",0.172325007471579,"65"
"367","TZA",0.85459524659255,"65"
"368","TLS",0.158597679523622,"65"
"369","VNM",0.320289799401601,"65"
"370","SLV",0.171906584547446,"65"
"371","KHM",0.138279876834405,"65"
"372","CHN",0.206257078464184,"65"
"373","JPN",0.200935567568094,"65"
"374","KOR",0.294124630465197,"65"
"375","OMN",0.151828338551978,"65"
"376","SGP",0.135674376153874,"65"
"377","SOM",0.634500137825469,"65"
"378","TWN",0.16570719462633,"65"
"379","THA",0.234303734705296,"65"
"380","TLS",0.165283868698708,"65"
"381","YEM",0.557925669583448,"65"
"382","BGD",0.65124918489978,"65"
"383","BRN",0.173832684269406,"65"
"384","KHM",0.183802429239052,"65"
"385","CHN",0.220660358042447,"65"
"386","DJI",0.164838027360538,"65"
"387","EGY",0.288081908121202,"65"
"388","IND",0.555181401258702,"65"
"389","IRN",0.364244508330835,"65"
"390","IRQ",0.208969658143224,"65"
"391","KWT",0.650735885228319,"65"
"392","MDG",0.842637497589909,"65"
"393","MMR",0.586223500189011,"65"
"394","SGP",0.150334475377634,"65"
"395","SOM",0.636900427932775,"65"
"396","LKA",0.764321057626258,"65"
"397","TWN",0.167257702198595,"65"
"398","TZA",0.839887705134506,"65"
"399","TLS",0.683386797225312,"65"
"400","VNM",0.33244565975641,"65"
"401","YEM",0.55793588295972,"65"
"402","SLB",0.73967077946022,"65"
"403","BRA",0.789548389160421,"65"
"404","COL",0.863037996918342,"65"
"405","CRI",0.550159307762059,"65"
"406","DOM",0.309239669871465,"65"
"407","GUF",0.679569872343353,"65"
"408","GIN",0.173812801793281,"65"
"409","GUY",0.302954314603389,"65"
"410","HTI",0.20057976122058,"65"
"411","PAN",0.811996756847202,"65"
"412","SUR",0.713820015753561,"65"
"413","VEN",0.366065114848753,"65"
"414","BHS",0.7543423917683,"74"
"415","CUB",0.906935416572132,"74"
"416","DOM",0.283611998774314,"74"
"417","HTI",0.191194524405133,"74"
"418","JAM",0.0519302030297273,"74"
"419","MEX",0.822603386609761,"74"
"420","BRN",0.0609316590227477,"74"
"421","CHN",0.158660072860452,"74"
"422","KEN",0.426349734871266,"74"
"423","MMR",0.524040394065794,"74"
"424","LKA",0.830999641921287,"74"
"425","TWN",0.149324966764878,"74"
"426","TZA",0.889819535041487,"74"
"427","TLS",0.147375528790987,"74"
"428","VNM",0.328663593437832,"74"
"429","SLV",0.156359485402198,"74"
"430","KHM",0.12259649408035,"74"
"431","CHN",0.159577606415248,"74"
"432","JPN",0.186564258264669,"74"
"433","KOR",0.279022629181006,"74"
"434","OMN",0.146276708539376,"74"
"435","SGP",0.116679691550204,"74"
"436","SOM",0.664054949241934,"74"
"437","TWN",0.142518668318694,"74"
"438","THA",0.204623325127665,"74"
"439","TLS",0.153257011069462,"74"
"440","YEM",0.592417227623685,"74"
"441","BGD",0.686547518684398,"74"
"442","BRN",0.193909138316558,"74"
"443","KHM",0.180373662047898,"74"
"444","CHN",0.183940622486305,"74"
"445","DJI",0.155073918906089,"74"
"446","EGY",0.253106603210347,"74"
"447","IND",0.583016674586948,"74"
"448","IRN",0.414429941518999,"74"
"449","IRQ",0.205054504308225,"74"
"450","KWT",0.648941361730243,"74"
"451","MDG",0.870953329606095,"74"
"452","MMR",0.627549896756804,"74"
"453","SGP",0.143502805815506,"74"
"454","SOM",0.680046112005854,"74"
"455","LKA",0.808123862832771,"74"
"456","TWN",0.150997923255418,"74"
"457","TZA",0.873181712405127,"74"
"458","TLS",0.726934780076616,"74"
"459","VNM",0.354142816552988,"74"
"460","YEM",0.61579574530124,"74"
"461","SLB",0.764853716606472,"74"
"462","BRA",0.815581186344501,"74"
"463","COL",0.870753582323586,"74"
"464","CRI",0.596669601585661,"74"
"465","DOM",0.280471903885913,"74"
"466","GUF",0.71984177121927,"74"
"467","GIN",0.170405643610379,"74"
"468","GUY",0.255624900053949,"74"
"469","HTI",0.179685690344752,"74"
"470","PAN",0.859730772144618,"74"
"471","SUR",0.732598485973446,"74"
"472","VEN",0.375449992664592,"74"
"473","BHS",0.723109816329985,"84"
"474","CUB",0.911239753429789,"84"
"475","DOM",0.280832998976896,"84"
"476","HTI",0.193153585152151,"84"
"477","JAM",0.0477894320357475,"84"
"478","MEX",0.813938804886849,"84"
"479","BRN",0.0596369013966103,"84"
"480","CHN",0.177172021212879,"84"
"481","KEN",0.399820569471423,"84"
"482","MMR",0.506897731082848,"84"
"483","LKA",0.842159826456406,"84"
"484","TWN",0.166015780543916,"84"
"485","TZA",0.899425181102812,"84"
"486","TLS",0.143120717975339,"84"
"487","VNM",0.318181872305767,"84"
"488","SLV",0.164448675160016,"84"
"489","KHM",0.112133610886076,"84"
"490","CHN",0.176376713847242,"84"
"491","JPN",0.177234417830772,"84"
"492","KOR",0.270201233957057,"84"
"493","OMN",0.155471282431226,"84"
"494","SGP",0.112787169175139,"84"
"495","SOM",0.712785676417769,"84"
"496","TWN",0.155912135866143,"84"
"497","THA",0.195730219396914,"84"
"498","TLS",0.157427779322801,"84"
"499","YEM",0.612560363920382,"84"
"500","BGD",0.690441548469027,"84"
"501","BRN",0.159811309986864,"84"
"502","KHM",0.154497926531889,"84"
"503","CHN",0.193905592297547,"84"
"504","DJI",0.145152140126405,"84"
"505","EGY",0.231699110632929,"84"
"506","IND",0.572909446721381,"84"
"507","IRN",0.388561111164828,"84"
"508","IRQ",0.185587024052205,"84"
"509","KWT",0.692613807641873,"84"
"510","MDG",0.883218221716583,"84"
"511","MMR",0.626446932171072,"84"
"512","SGP",0.132938489691335,"84"
"513","SOM",0.720347829307423,"84"
"514","LKA",0.827979867275601,"84"
"515","TWN",0.153759742409609,"84"
"516","TZA",0.882116555580883,"84"
"517","TLS",0.757746393970517,"84"
"518","VNM",0.334263115643977,"84"
"519","YEM",0.626938495549961,"84"
"520","SLB",0.756157820135253,"84"
"521","BRA",0.820054561465766,"84"
"522","COL",0.889300242724153,"84"
"523","CRI",0.583013208395079,"84"
"524","DOM",0.296778990223584,"84"
"525","GUF",0.690626527551986,"84"
"526","GIN",0.116184799246365,"84"
"527","GUY",0.246172057490936,"84"
"528","HTI",0.175121832316326,"84"
"529","PAN",0.856655830216585,"84"
"530","SUR",0.739596842922969,"84"
"531","VEN",0.355165362896163,"84"
"532","BHS",0.811352891213901,"94"
"533","CUB",0.947161135763769,"94"
"534","DOM",0.285723641088422,"94"
"535","HTI",0.16460291262758,"94"
"536","JAM",0.0253203154353185,"94"
"537","MEX",0.884035480019477,"94"
"538","BRN",0.0330069811076914,"94"
"539","CHN",0.132359846164779,"94"
"540","KEN",0.439891226921955,"94"
"541","MMR",0.570458620814215,"94"
"542","LKA",0.906771809577163,"94"
"543","TWN",0.1091529621649,"94"
"544","TZA",0.930708302149947,"94"
"545","TLS",0.106738742297312,"94"
"546","VNM",0.278221866586825,"94"
"547","SLV",0.0977177668738403,"94"
"548","KHM",0.080556308624933,"94"
"549","CHN",0.132066387196946,"94"
"550","JPN",0.146161191046114,"94"
"551","KOR",0.259147839064426,"94"
"552","OMN",0.125866265295193,"94"
"553","SGP",0.0669799699412726,"94"
"554","SOM",0.778888045942765,"94"
"555","TWN",0.103183340507163,"94"
"556","THA",0.146059112423497,"94"
"557","TLS",0.117340276186358,"94"
"558","YEM",0.661827197637359,"94"
"559","BGD",0.777450859434452,"94"
"560","BRN",0.117151067543339,"94"
"561","KHM",0.154151673553826,"94"
"562","CHN",0.15913798722331,"94"
"563","DJI",0.117835085299151,"94"
"564","EGY",0.156808149838617,"94"
"565","IND",0.666648554372576,"94"
"566","IRN",0.386972298083111,"94"
"567","IRQ",0.180174015371693,"94"
"568","KWT",0.72277538516423,"94"
"569","MDG",0.918899267204913,"94"
"570","MMR",0.693286295034017,"94"
"571","SGP",0.0870511373143662,"94"
"572","SOM",0.783561772932867,"94"
"573","LKA",0.890338784710947,"94"
"574","TWN",0.110089957447625,"94"
"575","TZA",0.915632055372988,"94"
"576","TLS",0.793489337403679,"94"
"577","VNM",0.315602994377313,"94"
"578","YEM",0.68726024787464,"94"
"579","SLB",0.793915453547362,"94"
"580","BRA",0.874472844405918,"94"
"581","COL",0.903255104375735,"94"
"582","CRI",0.734305798993521,"94"
"583","DOM",0.304706781892542,"94"
"584","GUF",0.766298958990613,"94"
"585","GIN",0.0989320916206198,"94"
"586","GUY",0.173196004956018,"94"
"587","HTI",0.152913878246286,"94"
"588","PAN",0.906841309813647,"94"
"589","SUR",0.795576574263165,"94"
"590","VEN",0.346902905928934,"94"
"591","BHS",0.722178781136557,"107"
"592","CUB",0.899013803295553,"107"
"593","DOM",0.270618824988333,"107"
"594","HTI",0.178753075764879,"107"
"595","JAM",0.0626256273056666,"107"
"596","MEX",0.80139980027718,"107"
"597","BRN",0.0734536771990267,"107"
"598","CHN",0.191852052168255,"107"
"599","KEN",0.385743709788618,"107"
"600","MMR",0.482109703113673,"107"
"601","LKA",0.807357545262659,"107"
"602","TWN",0.186718481456119,"107"
"603","TZA",0.874863904677756,"107"
"604","TLS",0.146179198264454,"107"
"605","VNM",0.317685536303178,"107"
"606","SLV",0.159172937255451,"107"
"607","KHM",0.118865068906715,"107"
"608","CHN",0.192133712334366,"107"
"609","JPN",0.192810915063391,"107"
"610","KOR",0.276253989547716,"107"
"611","OMN",0.147346312615701,"107"
"612","SGP",0.129982696120359,"107"
"613","SOM",0.665884708218693,"107"
"614","TWN",0.171896081293261,"107"
"615","THA",0.221646843901473,"107"
"616","TLS",0.160485602909677,"107"
"617","YEM",0.586488592271626,"107"
"618","BGD",0.668693970857042,"107"
"619","BRN",0.176066234028372,"107"
"620","KHM",0.158944761889739,"107"
"621","CHN",0.203511918689111,"107"
"622","DJI",0.140364316131229,"107"
"623","EGY",0.282834035971751,"107"
"624","IND",0.546952791160501,"107"
"625","IRN",0.369814818509149,"107"
"626","IRQ",0.158807234385809,"107"
"627","KWT",0.639221800464444,"107"
"628","MDG",0.850372780358244,"107"
"629","MMR",0.588476979568402,"107"
"630","SGP",0.143055065464056,"107"
"631","SOM",0.673198202512401,"107"
"632","LKA",0.772364701872215,"107"
"633","TWN",0.171174092427576,"107"
"634","TZA",0.84602904215793,"107"
"635","TLS",0.722105401456126,"107"
"636","VNM",0.324716495113916,"107"
"637","YEM",0.58623737638694,"107"
"638","SLB",0.744772735776774,"107"
"639","BRA",0.809925907707588,"107"
"640","COL",0.862425088801047,"107"
"641","CRI",0.528423767979453,"107"
"642","DOM",0.288034684512768,"107"
"643","GUF",0.679598679878983,"107"
"644","GIN",0.141958830535216,"107"
"645","GUY",0.267913009069013,"107"
"646","HTI",0.170437245884847,"107"
"647","PAN",0.831932323124435,"107"
"648","SUR",0.721285561189275,"107"
"649","VEN",0.371928852644255,"107"
"650","BHS",0.776529588912595,"118"
"651","CUB",0.914331661494722,"118"
"652","DOM",0.310888349258627,"118"
"653","HTI",0.18681473938525,"118"
"654","JAM",0.0436233409363594,"118"
"655","MEX",0.804087468606452,"118"
"656","BRN",0.0562608330961173,"118"
"657","CHN",0.180570649474231,"118"
"658","KEN",0.420564351846071,"118"
"659","MMR",0.56143532749156,"118"
"660","LKA",0.846290080233872,"118"
"661","TWN",0.131498971928593,"118"
"662","TZA",0.895663887523044,"118"
"663","TLS",0.124381536842959,"118"
"664","VNM",0.314111280959833,"118"
"665","SLV",0.141602611308596,"118"
"666","KHM",0.110783488310611,"118"
"667","CHN",0.178561904957274,"118"
"668","JPN",0.167518001120121,"118"
"669","KOR",0.271198502291422,"118"
"670","OMN",0.150797454322387,"118"
"671","SGP",0.10338413270891,"118"
"672","SOM",0.704057107056749,"118"
"673","TWN",0.12108686185963,"118"
"674","THA",0.180165170963405,"118"
"675","TLS",0.142607668120258,"118"
"676","YEM",0.626603341891128,"118"
"677","BGD",0.723076474251748,"118"
"678","BRN",0.154404428444204,"118"
"679","KHM",0.165150859296926,"118"
"680","CHN",0.199331192865173,"118"
"681","DJI",0.129832723106075,"118"
"682","EGY",0.229246744001484,"118"
"683","IND",0.57008074985611,"118"
"684","IRN",0.354160957226403,"118"
"685","IRQ",0.178942002613113,"118"
"686","KWT",0.707864137508438,"118"
"687","MDG",0.875546515946631,"118"
"688","MMR",0.646304693880759,"118"
"689","SGP",0.120072835228488,"118"
"690","SOM",0.712157186831797,"118"
"691","LKA",0.833495713266484,"118"
"692","TWN",0.123067008117373,"118"
"693","TZA",0.880223171714683,"118"
"694","TLS",0.750038581657133,"118"
"695","VNM",0.335990468655986,"118"
"696","YEM",0.63995115539271,"118"
"697","SLB",0.752978417496092,"118"
"698","BRA",0.816028949204763,"118"
"699","COL",0.881187801958361,"118"
"700","CRI",0.612505257811434,"118"
"701","DOM",0.329289728029393,"118"
"702","GUF",0.711744849623589,"118"
"703","GIN",0.129014536989917,"118"
"704","GUY",0.241185495342069,"118"
"705","HTI",0.180202648498571,"118"
"706","PAN",0.87697391891659,"118"
"707","SUR",0.755968377492264,"118"
"708","VEN",0.351169572319574,"118"
"709","BHS",0.790306757422871,"126"
"710","CUB",0.936985069614631,"126"
"711","DOM",0.311735772098517,"126"
"712","HTI",0.157838356181101,"126"
"713","JAM",0.0307372114722686,"126"
"714","MEX",0.868568677125549,"126"
"715","BRN",0.0365120392374631,"126"
"716","CHN",0.147585411953583,"126"
"717","KEN",0.433815309406692,"126"
"718","MMR",0.538212748886503,"126"
"719","LKA",0.89030962708237,"126"
"720","TWN",0.119825200755288,"126"
"721","TZA",0.927070416953082,"126"
"722","TLS",0.100503378834278,"126"
"723","VNM",0.2765110514097,"126"
"724","SLV",0.103920385711162,"126"
"725","KHM",0.0885916754584548,"126"
"726","CHN",0.145421805240094,"126"
"727","JPN",0.141179412131212,"126"
"728","KOR",0.254993138191481,"126"
"729","OMN",0.139634674023441,"126"
"730","SGP",0.0737509609880194,"126"
"731","SOM",0.761304813170788,"126"
"732","TWN",0.109489120920448,"126"
"733","THA",0.158042273174765,"126"
"734","TLS",0.110463376601585,"126"
"735","YEM",0.679581631167922,"126"
"736","BGD",0.767204478907278,"126"
"737","BRN",0.142330152418285,"126"
"738","KHM",0.1613315157371,"126"
"739","CHN",0.170273240903218,"126"
"740","DJI",0.127976488738674,"126"
"741","EGY",0.177550454024294,"126"
"742","IND",0.613935040597617,"126"
"743","IRN",0.403859881816717,"126"
"744","IRQ",0.173143700245313,"126"
"745","KWT",0.737267559018197,"126"
"746","MDG",0.91570808730822,"126"
"747","MMR",0.676635326665602,"126"
"748","SGP",0.100162675409634,"126"
"749","SOM",0.768245963831569,"126"
"750","LKA",0.871515850260141,"126"
"751","TWN",0.116371689670976,"126"
"752","TZA",0.918472550537737,"126"
"753","TLS",0.784181095769609,"126"
"754","VNM",0.324054116594137,"126"
"755","YEM",0.702647159767705,"126"
"756","SLB",0.766031931841333,"126"
"757","BRA",0.865977688448493,"126"
"758","COL",0.899591555990696,"126"
"759","CRI",0.695885463032519,"126"
"760","DOM",0.308875627353081,"126"
"761","GUF",0.748066501567846,"126"
"762","GIN",0.0946191814802932,"126"
"763","GUY",0.219588570972439,"126"
"764","HTI",0.143801234863628,"126"
"765","PAN",0.89281507350327,"126"
"766","SUR",0.794388876836681,"126"
"767","VEN",0.350697480427746,"126"
"768","BHS",0.764472171001789,"138"
"769","CUB",0.916692901868056,"138"
"770","DOM",0.270200527332101,"138"
"771","HTI",0.177994003698913,"138"
"772","JAM",0.0481873470955591,"138"
"773","MEX",0.828234321650521,"138"
"774","BRN",0.055502950466041,"138"
"775","CHN",0.158608730118118,"138"
"776","KEN",0.43248267084956,"138"
"777","MMR",0.525165326314372,"138"
"778","LKA",0.858868441062402,"138"
"779","TWN",0.133732507262011,"138"
"780","TZA",0.881608831210922,"138"
"781","TLS",0.125729873522325,"138"
"782","VNM",0.308454629119607,"138"
"783","SLV",0.127179964257786,"138"
"784","KHM",0.110192673342881,"138"
"785","CHN",0.157350028744852,"138"
"786","JPN",0.163032359016167,"138"
"787","KOR",0.264383027718299,"138"
"788","OMN",0.155886182858638,"138"
"789","SGP",0.093859658642467,"138"
"790","SOM",0.706228732705145,"138"
"791","TWN",0.127152507879891,"138"
"792","THA",0.178742128039149,"138"
"793","TLS",0.144749626646275,"138"
"794","YEM",0.631654619417444,"138"
"795","BGD",0.693061514995469,"138"
"796","BRN",0.152970618364276,"138"
"797","KHM",0.164992158858584,"138"
"798","CHN",0.174717529261214,"138"
"799","DJI",0.133369092092053,"138"
"800","EGY",0.249526373499173,"138"
"801","IND",0.582581723736324,"138"
"802","IRN",0.378294370019482,"138"
"803","IRQ",0.163789468488924,"138"
"804","KWT",0.68394317117646,"138"
"805","MDG",0.875945364490744,"138"
"806","MMR",0.633485167581683,"138"
"807","SGP",0.110774203968785,"138"
"808","SOM",0.713709642380164,"138"
"809","LKA",0.832945164019984,"138"
"810","TWN",0.130639969181598,"138"
"811","TZA",0.858082749498535,"138"
"812","TLS",0.745199023943819,"138"
"813","VNM",0.336279015804321,"138"
"814","YEM",0.636697701270037,"138"
"815","SLB",0.753439399246738,"138"
"816","BRA",0.82979402842346,"138"
"817","COL",0.880708729363365,"138"
"818","CRI",0.601686177257187,"138"
"819","DOM",0.286347839701459,"138"
"820","GUF",0.698219129414769,"138"
"821","GIN",0.129549165697486,"138"
"822","GUY",0.253197583681099,"138"
"823","HTI",0.164846332734088,"138"
"824","PAN",0.86952088966376,"138"
"825","SUR",0.736277454204178,"138"
"826","VEN",0.356331202906936,"138"
"827","BHS",0.726057887217642,"148"
"828","CUB",0.887506994263908,"148"
"829","DOM",0.270244320227801,"148"
"830","HTI",0.182988396380535,"148"
"831","JAM",0.0575582409568719,"148"
"832","MEX",0.778993113736253,"148"
"833","BRN",0.0679922001338015,"148"
"834","CHN",0.209299325961661,"148"
"835","KEN",0.419660817849816,"148"
"836","MMR",0.543788696476349,"148"
"837","LKA",0.790300316399525,"148"
"838","TWN",0.165934323861112,"148"
"839","TZA",0.875298696677482,"148"
"840","TLS",0.157993225511873,"148"
"841","VNM",0.339921888186722,"148"
"842","SLV",0.167896510581243,"148"
"843","KHM",0.119658529820429,"148"
"844","CHN",0.208977383625,"148"
"845","JPN",0.194904829889777,"148"
"846","KOR",0.278923245828346,"148"
"847","OMN",0.161603379436427,"148"
"848","SGP",0.127512757115212,"148"
"849","SOM",0.673051077743077,"148"
"850","TWN",0.158036871769163,"148"
"851","THA",0.216999392614136,"148"
"852","TLS",0.174943634464454,"148"
"853","YEM",0.603310458983294,"148"
"854","BGD",0.66853728738439,"148"
"855","BRN",0.179781878979073,"148"
"856","KHM",0.158334041134674,"148"
"857","CHN",0.222871243379882,"148"
"858","DJI",0.141293983511166,"148"
"859","EGY",0.271685441625441,"148"
"860","IND",0.565868003934618,"148"
"861","IRN",0.379387971893964,"148"
"862","IRQ",0.187479415514686,"148"
"863","KWT",0.632399501181664,"148"
"864","MDG",0.862676095543689,"148"
"865","MMR",0.630188600065428,"148"
"866","SGP",0.141315849415261,"148"
"867","SOM",0.677032422244807,"148"
"868","LKA",0.77065930375519,"148"
"869","TWN",0.153638175611449,"148"
"870","TZA",0.855882845243704,"148"
"871","TLS",0.722739810262091,"148"
"872","VNM",0.354944938063328,"148"
"873","YEM",0.605643039277757,"148"
"874","SLB",0.767027871029224,"148"
"875","BRA",0.806343049304718,"148"
"876","COL",0.855923021948145,"148"
"877","CRI",0.54078194505172,"148"
"878","DOM",0.27868318836113,"148"
"879","GUF",0.693321704844813,"148"
"880","GIN",0.162493608921269,"148"
"881","GUY",0.281767219028718,"148"
"882","HTI",0.174338992156196,"148"
"883","PAN",0.81371761987965,"148"
"884","SUR",0.73108211903813,"148"
"885","VEN",0.397625793195033,"148"
"886","BHS",0.743842232940234,"158"
"887","CUB",0.886555040288528,"158"
"888","DOM",0.291003855512024,"158"
"889","HTI",0.21625991564569,"158"
"890","JAM",0.0706687305259295,"158"
"891","MEX",0.790786713334811,"158"
"892","BRN",0.0845550660539242,"158"
"893","CHN",0.208859160834527,"158"
"894","KEN",0.401513901851016,"158"
"895","MMR",0.515675179133142,"158"
"896","LKA",0.795032927873467,"158"
"897","TWN",0.170084845540058,"158"
"898","TZA",0.866126862257532,"158"
"899","TLS",0.166409925561006,"158"
"900","VNM",0.326594995643252,"158"
"901","SLV",0.175500414081405,"158"
"902","KHM",0.143556849433972,"158"
"903","CHN",0.209479578305897,"158"
"904","JPN",0.204448289926391,"158"
"905","KOR",0.286302091697723,"158"
"906","OMN",0.147579885398961,"158"
"907","SGP",0.146873257130524,"158"
"908","SOM",0.672951677572251,"158"
"909","TWN",0.162007378828305,"158"
"910","THA",0.210900857609238,"158"
"911","TLS",0.177938632120616,"158"
"912","YEM",0.57500753689542,"158"
"913","BGD",0.657346431318761,"158"
"914","BRN",0.195998648731757,"158"
"915","KHM",0.190816515581688,"158"
"916","CHN",0.220185812607109,"158"
"917","DJI",0.160273906669909,"158"
"918","EGY",0.315297350841824,"158"
"919","IND",0.543546003969459,"158"
"920","IRN",0.365973108075236,"158"
"921","IRQ",0.177227364470138,"158"
"922","KWT",0.635314518677982,"158"
"923","MDG",0.857236762936205,"158"
"924","MMR",0.585850188836837,"158"
"925","SGP",0.152808583899829,"158"
"926","SOM",0.670473951827953,"158"
"927","LKA",0.76635563741641,"158"
"928","TWN",0.161744193610581,"158"
"929","TZA",0.844279941093128,"158"
"930","TLS",0.701156713395386,"158"
"931","VNM",0.335399164597493,"158"
"932","YEM",0.573409925776317,"158"
"933","SLB",0.750323734010079,"158"
"934","BRA",0.789618546061615,"158"
"935","COL",0.851895134505913,"158"
"936","CRI",0.521068808454503,"158"
"937","DOM",0.294117768767416,"158"
"938","GUF",0.694099274999605,"158"
"939","GIN",0.182896024482868,"158"
"940","GUY",0.293463427648716,"158"
"941","HTI",0.205798931839019,"158"
"942","PAN",0.83724037035072,"158"
"943","SUR",0.704974431507162,"158"
"944","VEN",0.389900544044411,"158"
"945","BHS",0.745235218911604,"168"
"946","CUB",0.893176169002862,"168"
"947","DOM",0.308056370671705,"168"
"948","HTI",0.191592424480999,"168"
"949","JAM",0.0578704000790029,"168"
"950","MEX",0.79302452094536,"168"
"951","BRN",0.0701357339404336,"168"
"952","CHN",0.198448076898349,"168"
"953","KEN",0.389403811329546,"168"
"954","MMR",0.54104319257493,"168"
"955","LKA",0.813095828656396,"168"
"956","TWN",0.140142733019463,"168"
"957","TZA",0.869704578345959,"168"
"958","TLS",0.154736391315904,"168"
"959","VNM",0.337226781317639,"168"
"960","SLV",0.171553637056259,"168"
"961","KHM",0.14536942559063,"168"
"962","CHN",0.195814702201177,"168"
"963","JPN",0.181048454880242,"168"
"964","KOR",0.284141486854339,"168"
"965","OMN",0.143046943257926,"168"
"966","SGP",0.143408010604077,"168"
"967","SOM",0.712829353438437,"168"
"968","TWN",0.132839511809387,"168"
"969","THA",0.214493786418363,"168"
"970","TLS",0.163393231464156,"168"
"971","YEM",0.615537252358854,"168"
"972","BGD",0.677055552879488,"168"
"973","BRN",0.188386173051981,"168"
"974","KHM",0.196210015558837,"168"
"975","CHN",0.214158320147352,"168"
"976","DJI",0.137662400492293,"168"
"977","EGY",0.276245556326602,"168"
"978","IND",0.559211765088651,"168"
"979","IRN",0.377774980624503,"168"
"980","IRQ",0.171780101595223,"168"
"981","KWT",0.638318068333917,"168"
"982","MDG",0.852824631471515,"168"
"983","MMR",0.624509680337591,"168"
"984","SGP",0.163798140823045,"168"
"985","SOM",0.720751772947049,"168"
"986","LKA",0.799505283549781,"168"
"987","TWN",0.138220632514529,"168"
"988","TZA",0.85921757208911,"168"
"989","TLS",0.731306121661797,"168"
"990","VNM",0.348544844814567,"168"
"991","YEM",0.624019682717162,"168"
"992","SLB",0.713757544633318,"168"
"993","BRA",0.787258119491136,"168"
"994","COL",0.859787495932525,"168"
"995","CRI",0.541349370018986,"168"
"996","DOM",0.318098011479762,"168"
"997","GUF",0.680587739841759,"168"
"998","GIN",0.158768952599635,"168"
"999","GUY",0.248747486244481,"168"
"1000","HTI",0.181171216155139,"168"
"1001","PAN",0.823566048192277,"168"
"1002","SUR",0.732365705109125,"168"
"1003","VEN",0.357835202411157,"168"
"1004","BHS",0.762775771418466,"178"
"1005","CUB",0.916069825129112,"178"
"1006","DOM",0.270632089330815,"178"
"1007","HTI",0.190267393633425,"178"
"1008","JAM",0.0525209381393716,"178"
"1009","MEX",0.809357717165403,"178"
"1010","BRN",0.0618454476507816,"178"
"1011","CHN",0.191932702552407,"178"
"1012","KEN",0.42739387777233,"178"
"1013","MMR",0.541283774323987,"178"
"1014","LKA",0.802158303716635,"178"
"1015","TWN",0.143131263458385,"178"
"1016","TZA",0.888648924031951,"178"
"1017","TLS",0.136563752662305,"178"
"1018","VNM",0.332908075912978,"178"
"1019","SLV",0.145641173385443,"178"
"1020","KHM",0.124491931318699,"178"
"1021","CHN",0.191369328026994,"178"
"1022","JPN",0.180569795921059,"178"
"1023","KOR",0.282542734060466,"178"
"1024","OMN",0.147024358452109,"178"
"1025","SGP",0.11153698566928,"178"
"1026","SOM",0.701690969504266,"178"
"1027","TWN",0.137697986262676,"178"
"1028","THA",0.206880867229606,"178"
"1029","TLS",0.158490712911519,"178"
"1030","YEM",0.601848073248186,"178"
"1031","BGD",0.713761729405365,"178"
"1032","BRN",0.166940564878406,"178"
"1033","KHM",0.19335516443108,"178"
"1034","CHN",0.216956613421847,"178"
"1035","DJI",0.147661861614815,"178"
"1036","EGY",0.28746082331861,"178"
"1037","IND",0.566219394664918,"178"
"1038","IRN",0.36798773959209,"178"
"1039","IRQ",0.182653833286596,"178"
"1040","KWT",0.666657081711041,"178"
"1041","MDG",0.872356253061555,"178"
"1042","MMR",0.619569553036435,"178"
"1043","SGP",0.130785923803728,"178"
"1044","SOM",0.714027445927336,"178"
"1045","LKA",0.787515399571515,"178"
"1046","TWN",0.144831263984699,"178"
"1047","TZA",0.879140483668639,"178"
"1048","TLS",0.73366779010807,"178"
"1049","VNM",0.348614228345144,"178"
"1050","YEM",0.608936150788206,"178"
"1051","SLB",0.765280860092223,"178"
"1052","BRA",0.821784577016144,"178"
"1053","COL",0.863529973172718,"178"
"1054","CRI",0.572131376164133,"178"
"1055","DOM",0.298437780823286,"178"
"1056","GUF",0.672845642203411,"178"
"1057","GIN",0.141076773755127,"178"
"1058","GUY",0.25171529016723,"178"
"1059","HTI",0.18144043076504,"178"
"1060","PAN",0.84378811180579,"178"
"1061","SUR",0.733756747566595,"178"
"1062","VEN",0.397013200528932,"178"
"1063","BHS",0.791219679051097,"188"
"1064","CUB",0.932016706187636,"188"
"1065","DOM",0.275435982518216,"188"
"1066","HTI",0.175758205027852,"188"
"1067","JAM",0.0420958640206286,"188"
"1068","MEX",0.831457852188182,"188"
"1069","BRN",0.0568540323053157,"188"
"1070","CHN",0.161669035157837,"188"
"1071","KEN",0.470618033493055,"188"
"1072","MMR",0.507016377972374,"188"
"1073","LKA",0.861152773391334,"188"
"1074","TWN",0.130205750510385,"188"
"1075","TZA",0.910274069123795,"188"
"1076","TLS",0.134660190732691,"188"
"1077","VNM",0.337270413984554,"188"
"1078","SLV",0.15365325066777,"188"
"1079","KHM",0.109221586750003,"188"
"1080","CHN",0.161413540797258,"188"
"1081","JPN",0.179309010493668,"188"
"1082","KOR",0.285573453291052,"188"
"1083","OMN",0.13320936324267,"188"
"1084","SGP",0.107885355032372,"188"
"1085","SOM",0.711916922274144,"188"
"1086","TWN",0.121767075666355,"188"
"1087","THA",0.179782361562278,"188"
"1088","TLS",0.147998566696383,"188"
"1089","YEM",0.602400868940045,"188"
"1090","BGD",0.736362090967111,"188"
"1091","BRN",0.16738980079362,"188"
"1092","KHM",0.163295178397889,"188"
"1093","CHN",0.180615489977664,"188"
"1094","DJI",0.140204531329327,"188"
"1095","EGY",0.218506509187973,"188"
"1096","IND",0.590318718091687,"188"
"1097","IRN",0.364495872055198,"188"
"1098","IRQ",0.175927755995034,"188"
"1099","KWT",0.70174116801387,"188"
"1100","MDG",0.884753892749212,"188"
"1101","MMR",0.615766367435967,"188"
"1102","SGP",0.13220799829398,"188"
"1103","SOM",0.718820183103697,"188"
"1104","LKA",0.851965430686008,"188"
"1105","TWN",0.130530883990492,"188"
"1106","TZA",0.892591597716668,"188"
"1107","TLS",0.764021341883969,"188"
"1108","VNM",0.365810556326455,"188"
"1109","YEM",0.630135558970399,"188"
"1110","SLB",0.791499404779077,"188"
"1111","BRA",0.835421956524921,"188"
"1112","COL",0.884741199437457,"188"
"1113","CRI",0.639450194262314,"188"
"1114","DOM",0.291475529505619,"188"
"1115","GUF",0.69715203837519,"188"
"1116","GIN",0.126882969607861,"188"
"1117","GUY",0.2413727528943,"188"
"1118","HTI",0.169442435042292,"188"
"1119","PAN",0.869686474257021,"188"
"1120","SUR",0.75039898601491,"188"
"1121","VEN",0.3119370071842,"188"
"1122","BHS",0.751565619829006,"199"
"1123","CUB",0.907526046593978,"199"
"1124","DOM",0.255869269811842,"199"
"1125","HTI",0.172523400590964,"199"
"1126","JAM",0.042422597146268,"199"
"1127","MEX",0.820823750955942,"199"
"1128","BRN",0.0546014551084749,"199"
"1129","CHN",0.179975364929578,"199"
"1130","KEN",0.438319185060232,"199"
"1131","MMR",0.545140280163863,"199"
"1132","LKA",0.833967343582906,"199"
"1133","TWN",0.144371052060876,"199"
"1134","TZA",0.897419830139174,"199"
"1135","TLS",0.130875367933199,"199"
"1136","VNM",0.332571047384703,"199"
"1137","SLV",0.148910057493183,"199"
"1138","KHM",0.0937405794266977,"199"
"1139","CHN",0.18083247283448,"199"
"1140","JPN",0.182175198371085,"199"
"1141","KOR",0.278296802874636,"199"
"1142","OMN",0.149553701821258,"199"
"1143","SGP",0.114296509373999,"199"
"1144","SOM",0.694597059236465,"199"
"1145","TWN",0.135232358906239,"199"
"1146","THA",0.20778952619153,"199"
"1147","TLS",0.142102832097448,"199"
"1148","YEM",0.606381065674533,"199"
"1149","BGD",0.699881733885637,"199"
"1150","BRN",0.162116856461654,"199"
"1151","KHM",0.144121462347343,"199"
"1152","CHN",0.194283876561079,"199"
"1153","DJI",0.144691540686316,"199"
"1154","EGY",0.225017245291223,"199"
"1155","IND",0.596113807159066,"199"
"1156","IRN",0.354577809925574,"199"
"1157","IRQ",0.183379757551824,"199"
"1158","KWT",0.685028986617421,"199"
"1159","MDG",0.867260850302278,"199"
"1160","MMR",0.64753495211271,"199"
"1161","SGP",0.131481416503608,"199"
"1162","SOM",0.699809672962852,"199"
"1163","LKA",0.816237706048928,"199"
"1164","TWN",0.128352089210099,"199"
"1165","TZA",0.879653779317739,"199"
"1166","TLS",0.727791971016218,"199"
"1167","VNM",0.352039100756064,"199"
"1168","YEM",0.610957278120834,"199"
"1169","SLB",0.771171360927049,"199"
"1170","BRA",0.836246824826975,"199"
"1171","COL",0.875513952417625,"199"
"1172","CRI",0.599039272016146,"199"
"1173","DOM",0.26489364109625,"199"
"1174","GUF",0.722323459445486,"199"
"1175","GIN",0.127258319449687,"199"
"1176","GUY",0.253376005804153,"199"
"1177","HTI",0.160519247160386,"199"
"1178","PAN",0.863955961076461,"199"
"1179","SUR",0.763701266466398,"199"
"1180","VEN",0.347159132598172,"199"
"1181","BHS",0.744607675579006,"209"
"1182","CUB",0.887769147865525,"209"
"1183","DOM",0.301405230786374,"209"
"1184","HTI",0.217656880026755,"209"
"1185","JAM",0.0722976818717956,"209"
"1186","MEX",0.789344785405219,"209"
"1187","BRN",0.0861884148753504,"209"
"1188","CHN",0.20506224074048,"209"
"1189","KEN",0.423053794707354,"209"
"1190","MMR",0.542604205098987,"209"
"1191","LKA",0.784697108545618,"209"
"1192","TWN",0.165830120372971,"209"
"1193","TZA",0.859888213819019,"209"
"1194","TLS",0.162873612889068,"209"
"1195","VNM",0.343329217125991,"209"
"1196","SLV",0.172587525678509,"209"
"1197","KHM",0.14225960859112,"209"
"1198","CHN",0.205738203859577,"209"
"1199","JPN",0.201310999090175,"209"
"1200","KOR",0.297487400832959,"209"
"1201","OMN",0.153014769120629,"209"
"1202","SGP",0.145327345791698,"209"
"1203","SOM",0.698006803905706,"209"
"1204","TWN",0.158156307995485,"209"
"1205","THA",0.226196827205577,"209"
"1206","TLS",0.170753543051423,"209"
"1207","YEM",0.617362428417634,"209"
"1208","BGD",0.666632878930218,"209"
"1209","BRN",0.22088598003848,"209"
"1210","KHM",0.182510992883278,"209"
"1211","CHN",0.215598504016888,"209"
"1212","DJI",0.151255020045377,"209"
"1213","EGY",0.290893350373331,"209"
"1214","IND",0.533770463974868,"209"
"1215","IRN",0.372394455538689,"209"
"1216","IRQ",0.196193337052052,"209"
"1217","KWT",0.622031180962945,"209"
"1218","MDG",0.829607367182643,"209"
"1219","MMR",0.628661368412416,"209"
"1220","SGP",0.155757929327015,"209"
"1221","SOM",0.688836316966008,"209"
"1222","LKA",0.764113568784552,"209"
"1223","TWN",0.159126844200249,"209"
"1224","TZA",0.841344810945449,"209"
"1225","TLS",0.694857440007566,"209"
"1226","VNM",0.351736927104996,"209"
"1227","YEM",0.610758954930079,"209"
"1228","SLB",0.748717008757366,"209"
"1229","BRA",0.793271586520322,"209"
"1230","COL",0.854350230546618,"209"
"1231","CRI",0.513903443002326,"209"
"1232","DOM",0.309142291036211,"209"
"1233","GUF",0.675113509720079,"209"
"1234","GIN",0.173081395733881,"209"
"1235","GUY",0.295805203190756,"209"
"1236","HTI",0.199928849209547,"209"
"1237","PAN",0.820696935046164,"209"
"1238","SUR",0.699234530392441,"209"
"1239","VEN",0.378962571655584,"209"
"1240","BHS",0.770963451405888,"219"
"1241","CUB",0.923755716940279,"219"
"1242","DOM",0.305775490238787,"219"
"1243","HTI",0.184890001555929,"219"
"1244","JAM",0.04965488267353,"219"
"1245","MEX",0.810800724271947,"219"
"1246","BRN",0.0574638810240516,"219"
"1247","CHN",0.163712540092431,"219"
"1248","KEN",0.412577302545509,"219"
"1249","MMR",0.512680230577832,"219"
"1250","LKA",0.842520330145248,"219"
"1251","TWN",0.128320869306878,"219"
"1252","TZA",0.889774433114956,"219"
"1253","TLS",0.153816786288703,"219"
"1254","VNM",0.331471754712533,"219"
"1255","SLV",0.15890791783031,"219"
"1256","KHM",0.122651529215822,"219"
"1257","CHN",0.163090935066463,"219"
"1258","JPN",0.171807321808731,"219"
"1259","KOR",0.267150821840593,"219"
"1260","OMN",0.140659901437274,"219"
"1261","SGP",0.118652392937153,"219"
"1262","SOM",0.69002145157302,"219"
"1263","TWN",0.121421434889634,"219"
"1264","THA",0.183712149292202,"219"
"1265","TLS",0.16989134508562,"219"
"1266","YEM",0.627957157270296,"219"
"1267","BGD",0.705789790880647,"219"
"1268","BRN",0.154405398226396,"219"
"1269","KHM",0.188616066525279,"219"
"1270","CHN",0.180058423437951,"219"
"1271","DJI",0.140471699703412,"219"
"1272","EGY",0.222324308126117,"219"
"1273","IND",0.578175389199377,"219"
"1274","IRN",0.360113510714064,"219"
"1275","IRQ",0.185228131017053,"219"
"1276","KWT",0.659198490323126,"219"
"1277","MDG",0.867184396268706,"219"
"1278","MMR",0.613456092496094,"219"
"1279","SGP",0.139817375036382,"219"
"1280","SOM",0.706590654134715,"219"
"1281","LKA",0.822256141449712,"219"
"1282","TWN",0.126962715709844,"219"
"1283","TZA",0.871356046734458,"219"
"1284","TLS",0.763192451799675,"219"
"1285","VNM",0.347878315525647,"219"
"1286","YEM",0.645043085238209,"219"
"1287","SLB",0.778088405490122,"219"
"1288","BRA",0.824829432823882,"219"
"1289","COL",0.884819444556481,"219"
"1290","CRI",0.599272912540804,"219"
"1291","DOM",0.315236460450753,"219"
"1292","GUF",0.700702453631672,"219"
"1293","GIN",0.141556188168249,"219"
"1294","GUY",0.239076369322647,"219"
"1295","HTI",0.171229045999831,"219"
"1296","PAN",0.84124108172708,"219"
"1297","SUR",0.758905275081196,"219"
"1298","VEN",0.393909464274849,"219"
"1299","BHS",0.751567863525271,"229"
"1300","CUB",0.900238915151634,"229"
"1301","DOM",0.329165509014751,"229"
"1302","HTI",0.203982969547807,"229"
"1303","JAM",0.0577329653013568,"229"
"1304","MEX",0.814240608273061,"229"
"1305","BRN",0.0718600208518703,"229"
"1306","CHN",0.206512872963609,"229"
"1307","KEN",0.425762794349595,"229"
"1308","MMR",0.53486460140604,"229"
"1309","LKA",0.835028949675343,"229"
"1310","TWN",0.162033678497896,"229"
"1311","TZA",0.883965936350004,"229"
"1312","TLS",0.151562030549556,"229"
"1313","VNM",0.319973166027374,"229"
"1314","SLV",0.177331677960796,"229"
"1315","KHM",0.114444684748903,"229"
"1316","CHN",0.205690080679836,"229"
"1317","JPN",0.201699186959788,"229"
"1318","KOR",0.284686695073493,"229"
"1319","OMN",0.149348731255271,"229"
"1320","SGP",0.125725900784044,"229"
"1321","SOM",0.699036432789834,"229"
"1322","TWN",0.153093692105102,"229"
"1323","THA",0.194293444999718,"229"
"1324","TLS",0.165534324046743,"229"
"1325","YEM",0.613259461015976,"229"
"1326","BGD",0.698642237178306,"229"
"1327","BRN",0.18710277533034,"229"
"1328","KHM",0.169549488697683,"229"
"1329","CHN",0.229098501806007,"229"
"1330","DJI",0.152470959886194,"229"
"1331","EGY",0.269343684911151,"229"
"1332","IND",0.580251480876981,"229"
"1333","IRN",0.388652652313704,"229"
"1334","IRQ",0.173658720190995,"229"
"1335","KWT",0.654572700492962,"229"
"1336","MDG",0.866712479463251,"229"
"1337","MMR",0.63496987609432,"229"
"1338","SGP",0.147217310093572,"229"
"1339","SOM",0.695267074351208,"229"
"1340","LKA",0.811233229665556,"229"
"1341","TWN",0.156833088578544,"229"
"1342","TZA",0.868833160178636,"229"
"1343","TLS",0.742326901260085,"229"
"1344","VNM",0.35029479906165,"229"
"1345","YEM",0.600907916901133,"229"
"1346","SLB",0.731350378014374,"229"
"1347","BRA",0.815224904997659,"229"
"1348","COL",0.871347489801031,"229"
"1349","CRI",0.577314109847083,"229"
"1350","DOM",0.323916346439798,"229"
"1351","GUF",0.713621506222212,"229"
"1352","GIN",0.153078451956143,"229"
"1353","GUY",0.268344277966066,"229"
"1354","HTI",0.184479983543214,"229"
"1355","PAN",0.817364580882056,"229"
"1356","SUR",0.707708424127579,"229"
"1357","VEN",0.359734340152856,"229"
"1358","BHS",0.763990324976459,"238"
"1359","CUB",0.907782015293761,"238"
"1360","DOM",0.28910896295901,"238"
"1361","HTI",0.193825611953907,"238"
"1362","JAM",0.0553070493322429,"238"
"1363","MEX",0.830279816341131,"238"
"1364","BRN",0.0628950253231192,"238"
"1365","CHN",0.173814746012956,"238"
"1366","KEN",0.380960865586272,"238"
"1367","MMR",0.528144545015631,"238"
"1368","LKA",0.813006814521878,"238"
"1369","TWN",0.147634340981585,"238"
"1370","TZA",0.889248680149039,"238"
"1371","TLS",0.140497904391693,"238"
"1372","VNM",0.318986351842693,"238"
"1373","SLV",0.149316099238157,"238"
"1374","KHM",0.130725982739077,"238"
"1375","CHN",0.175160344947104,"238"
"1376","JPN",0.164652478619571,"238"
"1377","KOR",0.264528169936501,"238"
"1378","OMN",0.149964802848005,"238"
"1379","SGP",0.116236952688856,"238"
"1380","SOM",0.697746802076328,"238"
"1381","TWN",0.138032512229747,"238"
"1382","THA",0.209521008313651,"238"
"1383","TLS",0.156467471404435,"238"
"1384","YEM",0.589982850292716,"238"
"1385","BGD",0.712184021699387,"238"
"1386","BRN",0.173371068288383,"238"
"1387","KHM",0.18713317617877,"238"
"1388","CHN",0.197995203467392,"238"
"1389","DJI",0.137733338268894,"238"
"1390","EGY",0.261020901674309,"238"
"1391","IND",0.559202434279491,"238"
"1392","IRN",0.376455948344888,"238"
"1393","IRQ",0.189656789094418,"238"
"1394","KWT",0.657185614827045,"238"
"1395","MDG",0.878364331108119,"238"
"1396","MMR",0.640376746260415,"238"
"1397","SGP",0.140299023686702,"238"
"1398","SOM",0.710060022996513,"238"
"1399","LKA",0.798832532325166,"238"
"1400","TWN",0.141522374699879,"238"
"1401","TZA",0.882854748163707,"238"
"1402","TLS",0.741476896228205,"238"
"1403","VNM",0.345943855944145,"238"
"1404","YEM",0.601228315399616,"238"
"1405","SLB",0.749952826342766,"238"
"1406","BRA",0.830164271323648,"238"
"1407","COL",0.872475147729718,"238"
"1408","CRI",0.575185242837975,"238"
"1409","DOM",0.301516723764364,"238"
"1410","GUF",0.711533009525667,"238"
"1411","GIN",0.125039731263471,"238"
"1412","GUY",0.250362482781084,"238"
"1413","HTI",0.184952590231466,"238"
"1414","PAN",0.843537324548356,"238"
"1415","SUR",0.752326494444127,"238"
"1416","VEN",0.376975049803157,"238"
"1417","BHS",0.75854386638247,"248"
"1418","CUB",0.909686623251779,"248"
"1419","DOM",0.253438912831033,"248"
"1420","HTI",0.168589074697496,"248"
"1421","JAM",0.0478663933397927,"248"
"1422","MEX",0.838910771378514,"248"
"1423","BRN",0.0560114652608029,"248"
"1424","CHN",0.157777996630301,"248"
"1425","KEN",0.422712532630195,"248"
"1426","MMR",0.501888564753937,"248"
"1427","LKA",0.849221206546186,"248"
"1428","TWN",0.140402436362134,"248"
"1429","TZA",0.907861736311065,"248"
"1430","TLS",0.127548964697706,"248"
"1431","VNM",0.31504645263031,"248"
"1432","SLV",0.132315938719209,"248"
"1433","KHM",0.109241787048912,"248"
"1434","CHN",0.158244078832274,"248"
"1435","JPN",0.155041321030893,"248"
"1436","KOR",0.245857817009288,"248"
"1437","OMN",0.156366505950819,"248"
"1438","SGP",0.118616101494893,"248"
"1439","SOM",0.700964631858266,"248"
"1440","TWN",0.131086675201473,"248"
"1441","THA",0.18644817003994,"248"
"1442","TLS",0.142045160601212,"248"
"1443","YEM",0.649048119484372,"248"
"1444","BGD",0.711253105038168,"248"
"1445","BRN",0.176461001649077,"248"
"1446","KHM",0.152618824275991,"248"
"1447","CHN",0.176086405805919,"248"
"1448","DJI",0.139049193761177,"248"
"1449","EGY",0.269441098534294,"248"
"1450","IND",0.566317439381625,"248"
"1451","IRN",0.390508144763296,"248"
"1452","IRQ",0.204613792798721,"248"
"1453","KWT",0.712775833330489,"248"
"1454","MDG",0.883083892177449,"248"
"1455","MMR",0.624183073634647,"248"
"1456","SGP",0.142646037035856,"248"
"1457","SOM",0.725293401219408,"248"
"1458","LKA",0.828440993268309,"248"
"1459","TWN",0.130255330165893,"248"
"1460","TZA",0.890387624053806,"248"
"1461","TLS",0.770942311261361,"248"
"1462","VNM",0.333068232586337,"248"
"1463","YEM",0.671486462525866,"248"
"1464","SLB",0.786299054168885,"248"
"1465","BRA",0.836725665563786,"248"
"1466","COL",0.896250469992119,"248"
"1467","CRI",0.60722625329779,"248"
"1468","DOM",0.269249490872641,"248"
"1469","GUF",0.718400318216018,"248"
"1470","GIN",0.129506988860782,"248"
"1471","GUY",0.222496985228921,"248"
"1472","HTI",0.158788133802747,"248"
"1473","PAN",0.874671105874536,"248"
"1474","SUR",0.747366071551861,"248"
"1475","VEN",0.324388888152437,"248"
"1476","BHS",0.721981091262014,"258"
"1477","CUB",0.878619178806181,"258"
"1478","DOM",0.293624440321746,"258"
"1479","HTI",0.207148509400668,"258"
"1480","JAM",0.0628152713586605,"258"
"1481","MEX",0.765045785967755,"258"
"1482","BRN",0.0732803661344828,"258"
"1483","CHN",0.217528176543555,"258"
"1484","KEN",0.378504527666364,"258"
"1485","MMR",0.534353353149844,"258"
"1486","LKA",0.761462813293335,"258"
"1487","TWN",0.158378376403223,"258"
"1488","TZA",0.856129340907152,"258"
"1489","TLS",0.170711751843154,"258"
"1490","VNM",0.344887497492017,"258"
"1491","SLV",0.189364569786303,"258"
"1492","KHM",0.143031498099944,"258"
"1493","CHN",0.217125641956775,"258"
"1494","JPN",0.184932522791109,"258"
"1495","KOR",0.284933127502103,"258"
"1496","OMN",0.158602263772667,"258"
"1497","SGP",0.142729068473306,"258"
"1498","SOM",0.65471941239376,"258"
"1499","TWN",0.151288744051939,"258"
"1500","THA",0.232466992435599,"258"
"1501","TLS",0.17838257708943,"258"
"1502","YEM",0.581305542283879,"258"
"1503","BGD",0.664829397485096,"258"
"1504","BRN",0.178726078471625,"258"
"1505","KHM",0.186174839234357,"258"
"1506","CHN",0.228379710416487,"258"
"1507","DJI",0.157456960109028,"258"
"1508","EGY",0.290824485804033,"258"
"1509","IND",0.536016387270282,"258"
"1510","IRN",0.37144042440591,"258"
"1511","IRQ",0.201560415094776,"258"
"1512","KWT",0.642931266377543,"258"
"1513","MDG",0.836164582759681,"258"
"1514","MMR",0.624727935054008,"258"
"1515","SGP",0.152339117541625,"258"
"1516","SOM",0.65249388840023,"258"
"1517","LKA",0.742438799908898,"258"
"1518","TWN",0.153858795234136,"258"
"1519","TZA",0.84364855447134,"258"
"1520","TLS",0.709368640323217,"258"
"1521","VNM",0.352465775984483,"258"
"1522","YEM",0.585478971007786,"258"
"1523","SLB",0.723752553357822,"258"
"1524","BRA",0.781101205394541,"258"
"1525","COL",0.842701028715549,"258"
"1526","CRI",0.552535539751849,"258"
"1527","DOM",0.301129189883569,"258"
"1528","GUF",0.690254316396774,"258"
"1529","GIN",0.168711220512069,"258"
"1530","GUY",0.298279020528781,"258"
"1531","HTI",0.20160330574161,"258"
"1532","PAN",0.830056118563505,"258"
"1533","SUR",0.719128905414327,"258"
"1534","VEN",0.367390274001291,"258"
"1535","BHS",0.710687548932359,"267"
"1536","CUB",0.863037863942999,"267"
"1537","DOM",0.304618425285443,"267"
"1538","HTI",0.216300155648134,"267"
"1539","JAM",0.0717791805188432,"267"
"1540","MEX",0.756791564506241,"267"
"1541","BRN",0.0842823924064085,"267"
"1542","CHN",0.235681471421619,"267"
"1543","KEN",0.378348055865064,"267"
"1544","MMR",0.481552532653224,"267"
"1545","LKA",0.756579233922483,"267"
"1546","TWN",0.187913497827162,"267"
"1547","TZA",0.849505780813066,"267"
"1548","TLS",0.179992295133586,"267"
"1549","VNM",0.349028654766143,"267"
"1550","SLV",0.205558538251979,"267"
"1551","KHM",0.145342785047217,"267"
"1552","CHN",0.235002254124801,"267"
"1553","JPN",0.218060650711853,"267"
"1554","KOR",0.322353672265189,"267"
"1555","OMN",0.155051692656411,"267"
"1556","SGP",0.168990582442584,"267"
"1557","SOM",0.670093565164402,"267"
"1558","TWN",0.180492523561745,"267"
"1559","THA",0.247855413051693,"267"
"1560","TLS",0.192446285722616,"267"
"1561","YEM",0.572566253526374,"267"
"1562","BGD",0.662233649321051,"267"
"1563","BRN",0.215889452386611,"267"
"1564","KHM",0.192185978845311,"267"
"1565","CHN",0.255799200653274,"267"
"1566","DJI",0.178419836349378,"267"
"1567","EGY",0.363708663785854,"267"
"1568","IND",0.551013064273288,"267"
"1569","IRN",0.396710922142904,"267"
"1570","IRQ",0.216959986001033,"267"
"1571","KWT",0.640781680028364,"267"
"1572","MDG",0.829780624332069,"267"
"1573","MMR",0.610944377742898,"267"
"1574","SGP",0.193269287081974,"267"
"1575","SOM",0.674462439744191,"267"
"1576","LKA",0.752996558655986,"267"
"1577","TWN",0.188596279687008,"267"
"1578","TZA",0.837021231029632,"267"
"1579","TLS",0.700027153147272,"267"
"1580","VNM",0.379340916382192,"267"
"1581","YEM",0.578371237011324,"267"
"1582","SLB",0.744654622633495,"267"
"1583","BRA",0.772799399392222,"267"
"1584","COL",0.827066316602762,"267"
"1585","CRI",0.500366001472286,"267"
"1586","DOM",0.308645485770004,"267"
"1587","GUF",0.685321799278409,"267"
"1588","GIN",0.182849569459047,"267"
"1589","GUY",0.311098022450796,"267"
"1590","HTI",0.208171836337404,"267"
"1591","PAN",0.776936287163927,"267"
"1592","SUR",0.680477578767162,"267"
"1593","VEN",0.420682642650166,"267"
"1594","BHS",0.773853621504086,"276"
"1595","CUB",0.913439678866124,"276"
"1596","DOM",0.288095147650656,"276"
"1597","HTI",0.188672991656,"276"
"1598","JAM",0.0458783318967666,"276"
"1599","MEX",0.822044306082337,"276"
"1600","BRN",0.0558688591039996,"276"
"1601","CHN",0.1752287255167,"276"
"1602","KEN",0.416526451512548,"276"
"1603","MMR",0.56754660085668,"276"
"1604","LKA",0.840297477175642,"276"
"1605","TWN",0.142250939097659,"276"
"1606","TZA",0.902855051926506,"276"
"1607","TLS",0.132719137681377,"276"
"1608","VNM",0.30684430647995,"276"
"1609","SLV",0.15169355834913,"276"
"1610","KHM",0.108593863915437,"276"
"1611","CHN",0.172324477978113,"276"
"1612","JPN",0.165212629726288,"276"
"1613","KOR",0.247483614785364,"276"
"1614","OMN",0.141077123592669,"276"
"1615","SGP",0.108735467914181,"276"
"1616","SOM",0.708436930191254,"276"
"1617","TWN",0.135282167323708,"276"
"1618","THA",0.188046830734542,"276"
"1619","TLS",0.153614231019855,"276"
"1620","YEM",0.645258828784787,"276"
"1621","BGD",0.711132875952235,"276"
"1622","BRN",0.166611756781147,"276"
"1623","KHM",0.164251145903097,"276"
"1624","CHN",0.191753638556002,"276"
"1625","DJI",0.140476635404708,"276"
"1626","EGY",0.248446175990987,"276"
"1627","IND",0.580795533210639,"276"
"1628","IRN",0.382106751040897,"276"
"1629","IRQ",0.176675029233297,"276"
"1630","KWT",0.655088756355932,"276"
"1631","MDG",0.883562850079349,"276"
"1632","MMR",0.649442809329772,"276"
"1633","SGP",0.132965867601686,"276"
"1634","SOM",0.709461215952776,"276"
"1635","LKA",0.822836100688635,"276"
"1636","TWN",0.13754764069103,"276"
"1637","TZA",0.889690480955218,"276"
"1638","TLS",0.732513977840106,"276"
"1639","VNM",0.326077735457053,"276"
"1640","YEM",0.642259879192168,"276"
"1641","SLB",0.750322851158994,"276"
"1642","BRA",0.828670905053621,"276"
"1643","COL",0.893969780492569,"276"
"1644","CRI",0.629254667480865,"276"
"1645","DOM",0.317095564839036,"276"
"1646","GUF",0.700657116075372,"276"
"1647","GIN",0.116291613976849,"276"
"1648","GUY",0.243865323611886,"276"
"1649","HTI",0.180053428132636,"276"
"1650","PAN",0.862375851153056,"276"
"1651","SUR",0.73948856490989,"276"
"1652","VEN",0.342840751668418,"276"
"1653","BHS",0.719159623927221,"285"
"1654","CUB",0.909995570562517,"285"
"1655","DOM",0.301076262434498,"285"
"1656","HTI",0.195030022572688,"285"
"1657","JAM",0.0484130944801255,"285"
"1658","MEX",0.804336142060535,"285"
"1659","BRN",0.0586872080429877,"285"
"1660","CHN",0.183461248182675,"285"
"1661","KEN",0.450777808562012,"285"
"1662","MMR",0.545952134865841,"285"
"1663","LKA",0.82926763682837,"285"
"1664","TWN",0.159913429077934,"285"
"1665","TZA",0.875482464403327,"285"
"1666","TLS",0.146929026582856,"285"
"1667","VNM",0.326828774988261,"285"
"1668","SLV",0.145531613587163,"285"
"1669","KHM",0.115570672093744,"285"
"1670","CHN",0.178713860737914,"285"
"1671","JPN",0.196073106223846,"285"
"1672","KOR",0.297153615234696,"285"
"1673","OMN",0.15107652027663,"285"
"1674","SGP",0.117852443296426,"285"
"1675","SOM",0.702934582603359,"285"
"1676","TWN",0.148938092701886,"285"
"1677","THA",0.1891128804201,"285"
"1678","TLS",0.167016176242216,"285"
"1679","YEM",0.603452934621451,"285"
"1680","BGD",0.708827940277738,"285"
"1681","BRN",0.164503103471854,"285"
"1682","KHM",0.170524002331945,"285"
"1683","CHN",0.19915678857458,"285"
"1684","DJI",0.152015904249943,"285"
"1685","EGY",0.259264562086835,"285"
"1686","IND",0.586008572313547,"285"
"1687","IRN",0.35997558588485,"285"
"1688","IRQ",0.203469456460837,"285"
"1689","KWT",0.662884090646521,"285"
"1690","MDG",0.868709400934475,"285"
"1691","MMR",0.640025855644402,"285"
"1692","SGP",0.138017602771132,"285"
"1693","SOM",0.707333793844035,"285"
"1694","LKA",0.81078083847447,"285"
"1695","TWN",0.152911296152858,"285"
"1696","TZA",0.860996108746035,"285"
"1697","TLS",0.720633560092245,"285"
"1698","VNM",0.352488946063648,"285"
"1699","YEM",0.608325052074426,"285"
"1700","SLB",0.733238986157439,"285"
"1701","BRA",0.82949275748783,"285"
"1702","COL",0.879958628387634,"285"
"1703","CRI",0.590647152165315,"285"
"1704","DOM",0.33280941885264,"285"
"1705","GUF",0.687907811829544,"285"
"1706","GIN",0.129339120687414,"285"
"1707","GUY",0.254631497905517,"285"
"1708","HTI",0.190898080038437,"285"
"1709","PAN",0.846569075061892,"285"
"1710","SUR",0.737032624485092,"285"
"1711","VEN",0.375057596590692,"285"
"1712","BHS",0.780488489026328,"294"
"1713","CUB",0.924294736432792,"294"
"1714","DOM",0.247958840327944,"294"
"1715","HTI",0.170052169781424,"294"
"1716","JAM",0.0451182792894429,"294"
"1717","MEX",0.821924879490511,"294"
"1718","BRN",0.0542909732140541,"294"
"1719","CHN",0.175250121864536,"294"
"1720","KEN",0.405034638678013,"294"
"1721","MMR",0.523621825740353,"294"
"1722","LKA",0.847464134260212,"294"
"1723","TWN",0.139121226141837,"294"
"1724","TZA",0.910384628518839,"294"
"1725","TLS",0.129013394937949,"294"
"1726","VNM",0.313263108441289,"294"
"1727","SLV",0.144430284881866,"294"
"1728","KHM",0.111499483999695,"294"
"1729","CHN",0.173000201012162,"294"
"1730","JPN",0.195721925736168,"294"
"1731","KOR",0.273415836703415,"294"
"1732","OMN",0.139823980012414,"294"
"1733","SGP",0.106989863877244,"294"
"1734","SOM",0.703327806845789,"294"
"1735","TWN",0.12920504199944,"294"
"1736","THA",0.184668143983022,"294"
"1737","TLS",0.140375679144688,"294"
"1738","YEM",0.631136872671736,"294"
"1739","BGD",0.686691185576292,"294"
"1740","BRN",0.168128599925832,"294"
"1741","KHM",0.162870585906061,"294"
"1742","CHN",0.196680840578821,"294"
"1743","DJI",0.130070370505799,"294"
"1744","EGY",0.245346631952791,"294"
"1745","IND",0.579986875333872,"294"
"1746","IRN",0.364095096700184,"294"
"1747","IRQ",0.171317358265773,"294"
"1748","KWT",0.686014032499853,"294"
"1749","MDG",0.881580826620322,"294"
"1750","MMR",0.612970989139626,"294"
"1751","SGP",0.128041096390527,"294"
"1752","SOM",0.713361789275522,"294"
"1753","LKA",0.821511593790733,"294"
"1754","TWN",0.139775769110748,"294"
"1755","TZA",0.893880919183134,"294"
"1756","TLS",0.750944048615534,"294"
"1757","VNM",0.334202235588727,"294"
"1758","YEM",0.631391280288317,"294"
"1759","SLB",0.789735810409786,"294"
"1760","BRA",0.832217071656547,"294"
"1761","COL",0.878855775222851,"294"
"1762","CRI",0.618939215136127,"294"
"1763","DOM",0.255522227299072,"294"
"1764","GUF",0.691553313343488,"294"
"1765","GIN",0.128805670331905,"294"
"1766","GUY",0.264056294842429,"294"
"1767","HTI",0.158997428444853,"294"
"1768","PAN",0.855975634514037,"294"
"1769","SUR",0.726044590503365,"294"
"1770","VEN",0.362318344641311,"294"
"1771","BHS",0.74137820088504,"306"
"1772","CUB",0.897556985931544,"306"
"1773","DOM",0.284143832940814,"306"
"1774","HTI",0.195558550892173,"306"
"1775","JAM",0.0583453761158114,"306"
"1776","MEX",0.784179712610043,"306"
"1777","BRN",0.0664955548366145,"306"
"1778","CHN",0.207473881751324,"306"
"1779","KEN",0.407156954780684,"306"
"1780","MMR",0.5176530099078,"306"
"1781","LKA",0.775091694233883,"306"
"1782","TWN",0.161445756367686,"306"
"1783","TZA",0.882673847488009,"306"
"1784","TLS",0.15348535088815,"306"
"1785","VNM",0.326694825391064,"306"
"1786","SLV",0.166257740633503,"306"
"1787","KHM",0.124519772049683,"306"
"1788","CHN",0.208876823127778,"306"
"1789","JPN",0.177741628391509,"306"
"1790","KOR",0.274277072937663,"306"
"1791","OMN",0.154391125791242,"306"
"1792","SGP",0.125449396485346,"306"
"1793","SOM",0.670396325384871,"306"
"1794","TWN",0.151295014442811,"306"
"1795","THA",0.220786861607928,"306"
"1796","TLS",0.163613204954277,"306"
"1797","YEM",0.59291119272112,"306"
"1798","BGD",0.687842030353539,"306"
"1799","BRN",0.175730297574854,"306"
"1800","KHM",0.169358416625419,"306"
"1801","CHN",0.21979083029721,"306"
"1802","DJI",0.141815052833444,"306"
"1803","EGY",0.280299740145158,"306"
"1804","IND",0.559165448746484,"306"
"1805","IRN",0.36320013256877,"306"
"1806","IRQ",0.181324072252827,"306"
"1807","KWT",0.637991049951804,"306"
"1808","MDG",0.866523754378434,"306"
"1809","MMR",0.62035183383458,"306"
"1810","SGP",0.13470880464728,"306"
"1811","SOM",0.667139390339741,"306"
"1812","LKA",0.751814715456918,"306"
"1813","TWN",0.145674173979173,"306"
"1814","TZA",0.864227259521863,"306"
"1815","TLS",0.709224513053048,"306"
"1816","VNM",0.344622253512053,"306"
"1817","YEM",0.59576186709322,"306"
"1818","SLB",0.753699576494061,"306"
"1819","BRA",0.811425805565445,"306"
"1820","COL",0.867600524906171,"306"
"1821","CRI",0.541586036752948,"306"
"1822","DOM",0.285714568619342,"306"
"1823","GUF",0.694845061419493,"306"
"1824","GIN",0.156669379981878,"306"
"1825","GUY",0.306306814179532,"306"
"1826","HTI",0.182531090428324,"306"
"1827","PAN",0.833929071540552,"306"
"1828","SUR",0.739322563502967,"306"
"1829","VEN",0.370158479397165,"306"
"1830","BHS",0.727881225104089,"314"
"1831","CUB",0.886795816918718,"314"
"1832","DOM",0.296751295117406,"314"
"1833","HTI",0.214194992526813,"314"
"1834","JAM",0.065511608757507,"314"
"1835","MEX",0.786391449174344,"314"
"1836","BRN",0.0783083560346174,"314"
"1837","CHN",0.202339607428107,"314"
"1838","KEN",0.407925443576893,"314"
"1839","MMR",0.557921471419917,"314"
"1840","LKA",0.812547587147005,"314"
"1841","TWN",0.171822583507849,"314"
"1842","TZA",0.874533934940852,"314"
"1843","TLS",0.158101315101227,"314"
"1844","VNM",0.325690213207151,"314"
"1845","SLV",0.181489329729585,"314"
"1846","KHM",0.122758510217811,"314"
"1847","CHN",0.201739161032618,"314"
"1848","JPN",0.202595511624985,"314"
"1849","KOR",0.295082724482487,"314"
"1850","OMN",0.155285096164106,"314"
"1851","SGP",0.152765721208601,"314"
"1852","SOM",0.689827657321823,"314"
"1853","TWN",0.162000700249608,"314"
"1854","THA",0.205770830049508,"314"
"1855","TLS",0.170396879320425,"314"
"1856","YEM",0.593306097110292,"314"
"1857","BGD",0.661176177343574,"314"
"1858","BRN",0.20299005345409,"314"
"1859","KHM",0.165516629348026,"314"
"1860","CHN",0.21324241660789,"314"
"1861","DJI",0.14493827617322,"314"
"1862","EGY",0.262557797537388,"314"
"1863","IND",0.547445337554345,"314"
"1864","IRN",0.37017069461818,"314"
"1865","IRQ",0.193978514095182,"314"
"1866","KWT",0.653870332105625,"314"
"1867","MDG",0.849285804093051,"314"
"1868","MMR",0.622611423461517,"314"
"1869","SGP",0.171463291887089,"314"
"1870","SOM",0.692242503924871,"314"
"1871","LKA",0.78901726850108,"314"
"1872","TWN",0.156920119359166,"314"
"1873","TZA",0.860890876587122,"314"
"1874","TLS",0.73156512388642,"314"
"1875","VNM",0.347706801935999,"314"
"1876","YEM",0.607165845125672,"314"
"1877","SLB",0.734588861950149,"314"
"1878","BRA",0.800043131261333,"314"
"1879","COL",0.852361501134973,"314"
"1880","CRI",0.545499760897818,"314"
"1881","DOM",0.302766987918057,"314"
"1882","GUF",0.704132079768144,"314"
"1883","GIN",0.167311751646955,"314"
"1884","GUY",0.300569992335455,"314"
"1885","HTI",0.204273724702224,"314"
"1886","PAN",0.822589433394418,"314"
"1887","SUR",0.717908775653596,"314"
"1888","VEN",0.364659487821571,"314"
"1889","BHS",0.765692729521226,"324"
"1890","CUB",0.930061774260257,"324"
"1891","DOM",0.309584419729868,"324"
"1892","HTI",0.191668804777763,"324"
"1893","JAM",0.0406836484426705,"324"
"1894","MEX",0.860662134067024,"324"
"1895","BRN",0.0462308924984558,"324"
"1896","CHN",0.164215639950632,"324"
"1897","KEN",0.425448733641022,"324"
"1898","MMR",0.515067328295916,"324"
"1899","LKA",0.886289467122512,"324"
"1900","TWN",0.122960716475026,"324"
"1901","TZA",0.923715487971528,"324"
"1902","TLS",0.145654941347167,"324"
"1903","VNM",0.303678937278351,"324"
"1904","SLV",0.117226313479966,"324"
"1905","KHM",0.0999445242589962,"324"
"1906","CHN",0.164111477137898,"324"
"1907","JPN",0.153667152119841,"324"
"1908","KOR",0.285718134540447,"324"
"1909","OMN",0.133594116600692,"324"
"1910","SGP",0.101347856655086,"324"
"1911","SOM",0.722460004478476,"324"
"1912","TWN",0.110574366756298,"324"
"1913","THA",0.201391932005106,"324"
"1914","TLS",0.155382039038015,"324"
"1915","YEM",0.658183619958266,"324"
"1916","BGD",0.754836257986659,"324"
"1917","BRN",0.15648352875658,"324"
"1918","KHM",0.157249164941464,"324"
"1919","CHN",0.19071566104645,"324"
"1920","DJI",0.158874804686617,"324"
"1921","EGY",0.203798938386483,"324"
"1922","IND",0.623175513889225,"324"
"1923","IRN",0.429265434931811,"324"
"1924","IRQ",0.183120990461948,"324"
"1925","KWT",0.703473276778067,"324"
"1926","MDG",0.900627940914331,"324"
"1927","MMR",0.638006948096436,"324"
"1928","SGP",0.127051986577423,"324"
"1929","SOM",0.732298656468121,"324"
"1930","LKA",0.869315054248573,"324"
"1931","TWN",0.121845995568231,"324"
"1932","TZA",0.906794637901434,"324"
"1933","TLS",0.798888810427931,"324"
"1934","VNM",0.340205339148938,"324"
"1935","YEM",0.679334592915286,"324"
"1936","SLB",0.784343455401958,"324"
"1937","BRA",0.852306795051468,"324"
"1938","COL",0.896998460739396,"324"
"1939","CRI",0.633083492580817,"324"
"1940","DOM",0.29870076153253,"324"
"1941","GUF",0.731525963838053,"324"
"1942","GIN",0.106724177494428,"324"
"1943","GUY",0.209387920234704,"324"
"1944","HTI",0.165209906002295,"324"
"1945","PAN",0.871746913326482,"324"
"1946","SUR",0.763559926873729,"324"
"1947","VEN",0.367843953055537,"324"
"1948","BHS",0.69593799563081,"334"
"1949","CUB",0.8588441200343,"334"
"1950","DOM",0.31179032460674,"334"
"1951","HTI",0.202559920298453,"334"
"1952","JAM",0.0767257848732492,"334"
"1953","MEX",0.754211735511939,"334"
"1954","BRN",0.0925919719140322,"334"
"1955","CHN",0.211944489305915,"334"
"1956","KEN",0.387642885278198,"334"
"1957","MMR",0.524856651309764,"334"
"1958","LKA",0.764228722790925,"334"
"1959","TWN",0.189618413294524,"334"
"1960","TZA",0.861092052348907,"334"
"1961","TLS",0.19211372369676,"334"
"1962","VNM",0.333529010191072,"334"
"1963","SLV",0.197544582366308,"334"
"1964","KHM",0.129828246341535,"334"
"1965","CHN",0.209259166972521,"334"
"1966","JPN",0.248871867290717,"334"
"1967","KOR",0.307267910274983,"334"
"1968","OMN",0.156048169915707,"334"
"1969","SGP",0.170930509072529,"334"
"1970","SOM",0.660662751962588,"334"
"1971","TWN",0.183541243631559,"334"
"1972","THA",0.229608584558739,"334"
"1973","TLS",0.207225371751126,"334"
"1974","YEM",0.589013250245985,"334"
"1975","BGD",0.627658579511901,"334"
"1976","BRN",0.216333000461478,"334"
"1977","KHM",0.178480753993235,"334"
"1978","CHN",0.220504011149292,"334"
"1979","DJI",0.165003698344056,"334"
"1980","EGY",0.355323147060824,"334"
"1981","IND",0.536827077857812,"334"
"1982","IRN",0.380134533011308,"334"
"1983","IRQ",0.183604768536803,"334"
"1984","KWT",0.609264378979757,"334"
"1985","MDG",0.831895131697938,"334"
"1986","MMR",0.583229370125398,"334"
"1987","SGP",0.18234188664766,"334"
"1988","SOM",0.659940575600256,"334"
"1989","LKA",0.747536775472717,"334"
"1990","TWN",0.181244835248968,"334"
"1991","TZA",0.851123096539727,"334"
"1992","TLS",0.723028543800267,"334"
"1993","VNM",0.336379836253246,"334"
"1994","YEM",0.588380217935089,"334"
"1995","SLB",0.736882550236512,"334"
"1996","BRA",0.75652529576038,"334"
"1997","COL",0.835487029364705,"334"
"1998","CRI",0.480602639954549,"334"
"1999","DOM",0.324886521413931,"334"
"2000","GUF",0.681461007186563,"334"
"2001","GIN",0.204471091230631,"334"
"2002","GUY",0.313222282590301,"334"
"2003","HTI",0.192260498760031,"334"
"2004","PAN",0.777845690741645,"334"
"2005","SUR",0.675034022254519,"334"
"2006","VEN",0.411539324988349,"334"
"2007","BHS",0.739935712428213,"344"
"2008","CUB",0.881334617867403,"344"
"2009","DOM",0.276342814746626,"344"
"2010","HTI",0.196305615905966,"344"
"2011","JAM",0.0644137654057798,"344"
"2012","MEX",0.798617346759813,"344"
"2013","BRN",0.0715876215799314,"344"
"2014","CHN",0.191669235912399,"344"
"2015","KEN",0.416098223316954,"344"
"2016","MMR",0.554244695511632,"344"
"2017","LKA",0.790897278123113,"344"
"2018","TWN",0.159458283933256,"344"
"2019","TZA",0.872389770503508,"344"
"2020","TLS",0.152791408985328,"344"
"2021","VNM",0.32408670878707,"344"
"2022","SLV",0.160616902226443,"344"
"2023","KHM",0.126421895665092,"344"
"2024","CHN",0.192203107668111,"344"
"2025","JPN",0.196726304089972,"344"
"2026","KOR",0.287637264489602,"344"
"2027","OMN",0.155736957137498,"344"
"2028","SGP",0.140641996897974,"344"
"2029","SOM",0.666741384818628,"344"
"2030","TWN",0.150474197972866,"344"
"2031","THA",0.215383295662865,"344"
"2032","TLS",0.161661766947672,"344"
"2033","YEM",0.583966478031608,"344"
"2034","BGD",0.682042881353471,"344"
"2035","BRN",0.18210759672865,"344"
"2036","KHM",0.178836266159966,"344"
"2037","CHN",0.207075121515123,"344"
"2038","DJI",0.143775970831485,"344"
"2039","EGY",0.292073005442461,"344"
"2040","IND",0.568462249077909,"344"
"2041","IRN",0.414205777447942,"344"
"2042","IRQ",0.183311281784983,"344"
"2043","KWT",0.644446780095536,"344"
"2044","MDG",0.854121931494248,"344"
"2045","MMR",0.634475458969335,"344"
"2046","SGP",0.152376258601167,"344"
"2047","SOM",0.669246235461803,"344"
"2048","LKA",0.773162163160387,"344"
"2049","TWN",0.15568541886219,"344"
"2050","TZA",0.855742674970496,"344"
"2051","TLS",0.720604646665742,"344"
"2052","VNM",0.334104870413909,"344"
"2053","YEM",0.595348751096743,"344"
"2054","SLB",0.73770275953754,"344"
"2055","BRA",0.797509614653906,"344"
"2056","COL",0.853031123168937,"344"
"2057","CRI",0.559514883537715,"344"
"2058","DOM",0.273289477320942,"344"
"2059","GUF",0.669184997460361,"344"
"2060","GIN",0.172694355563453,"344"
"2061","GUY",0.28296781720804,"344"
"2062","HTI",0.180632380725932,"344"
"2063","PAN",0.830681245949059,"344"
"2064","SUR",0.727318330769287,"344"
"2065","VEN",0.386634101918555,"344"
"2066","BHS",0.715280909148218,"354"
"2067","CUB",0.866010100916443,"354"
"2068","DOM",0.315052749145293,"354"
"2069","HTI",0.218489694551426,"354"
"2070","JAM",0.0812734494669656,"354"
"2071","MEX",0.759218572919345,"354"
"2072","BRN",0.0976772256788163,"354"
"2073","CHN",0.219336946680179,"354"
"2074","KEN",0.373205620458486,"354"
"2075","MMR",0.516703442115599,"354"
"2076","LKA",0.76020696667283,"354"
"2077","TWN",0.183949768917418,"354"
"2078","TZA",0.837732796336218,"354"
"2079","TLS",0.169593654833268,"354"
"2080","VNM",0.338562411764147,"354"
"2081","SLV",0.196444691116456,"354"
"2082","KHM",0.133910638987773,"354"
"2083","CHN",0.216866976490671,"354"
"2084","JPN",0.215216335746678,"354"
"2085","KOR",0.285346213246089,"354"
"2086","OMN",0.166275437387321,"354"
"2087","SGP",0.167907421200484,"354"
"2088","SOM",0.657540460521913,"354"
"2089","TWN",0.176358235248339,"354"
"2090","THA",0.23945468413289,"354"
"2091","TLS",0.18370854089011,"354"
"2092","YEM",0.575472119860922,"354"
"2093","BGD",0.639061762100307,"354"
"2094","BRN",0.210479645680551,"354"
"2095","KHM",0.179795788347527,"354"
"2096","CHN",0.23304790371804,"354"
"2097","DJI",0.172762555510001,"354"
"2098","EGY",0.32339711130881,"354"
"2099","IND",0.531399530952932,"354"
"2100","IRN",0.378041567703394,"354"
"2101","IRQ",0.18637958453073,"354"
"2102","KWT",0.611714806330762,"354"
"2103","MDG",0.831231048998486,"354"
"2104","MMR",0.571495996384332,"354"
"2105","SGP",0.184509199962458,"354"
"2106","SOM",0.652693616300272,"354"
"2107","LKA",0.739785925173306,"354"
"2108","TWN",0.1756684968956,"354"
"2109","TZA",0.821601614170814,"354"
"2110","TLS",0.693942803711141,"354"
"2111","VNM",0.348193719565116,"354"
"2112","YEM",0.573031854558127,"354"
"2113","SLB",0.745794667774731,"354"
"2114","BRA",0.760536550246367,"354"
"2115","COL",0.830881762093867,"354"
"2116","CRI",0.500302634033026,"354"
"2117","DOM",0.323885274102775,"354"
"2118","GUF",0.663025709440493,"354"
"2119","GIN",0.195211163917614,"354"
"2120","GUY",0.321239590371545,"354"
"2121","HTI",0.212451069555519,"354"
"2122","PAN",0.781369886617145,"354"
"2123","SUR",0.69127667296629,"354"
"2124","VEN",0.386775837077989,"354"
"2125","BHS",0.752878706343431,"363"
"2126","CUB",0.924118107459014,"363"
"2127","DOM",0.290643173006738,"363"
"2128","HTI",0.186032829537352,"363"
"2129","JAM",0.0417405074749401,"363"
"2130","MEX",0.836261275772238,"363"
"2131","BRN",0.0518808215097064,"363"
"2132","CHN",0.173950684856997,"363"
"2133","KEN",0.452435995775452,"363"
"2134","MMR",0.525264539257143,"363"
"2135","LKA",0.860813924221196,"363"
"2136","TWN",0.126334519563851,"363"
"2137","TZA",0.907210679353512,"363"
"2138","TLS",0.132291529670477,"363"
"2139","VNM",0.324484197655014,"363"
"2140","SLV",0.13784773299899,"363"
"2141","KHM",0.10821120282123,"363"
"2142","CHN",0.170156871268661,"363"
"2143","JPN",0.15313571082353,"363"
"2144","KOR",0.266740095727096,"363"
"2145","OMN",0.146814096738674,"363"
"2146","SGP",0.0937213758740993,"363"
"2147","SOM",0.704676756083724,"363"
"2148","TWN",0.113918263603341,"363"
"2149","THA",0.172339012459235,"363"
"2150","TLS",0.149089203536873,"363"
"2151","YEM",0.619826503572498,"363"
"2152","BGD",0.717570145637597,"363"
"2153","BRN",0.155369478198959,"363"
"2154","KHM",0.169752929382926,"363"
"2155","CHN",0.203325705167913,"363"
"2156","DJI",0.161639333414634,"363"
"2157","EGY",0.221236314627163,"363"
"2158","IND",0.61006197971261,"363"
"2159","IRN",0.377761825670854,"363"
"2160","IRQ",0.185770950450301,"363"
"2161","KWT",0.706566455264491,"363"
"2162","MDG",0.877002161181729,"363"
"2163","MMR",0.668007365134024,"363"
"2164","SGP",0.123393867030375,"363"
"2165","SOM",0.713944737666776,"363"
"2166","LKA",0.847793028303548,"363"
"2167","TWN",0.125354738736104,"363"
"2168","TZA",0.889705489896121,"363"
"2169","TLS",0.755874133092235,"363"
"2170","VNM",0.358516803793802,"363"
"2171","YEM",0.637402218677031,"363"
"2172","SLB",0.747426302924395,"363"
"2173","BRA",0.837294032709454,"363"
"2174","COL",0.886648872800101,"363"
"2175","CRI",0.635039841021392,"363"
"2176","DOM",0.297348404151945,"363"
"2177","GUF",0.699724402826015,"363"
"2178","GIN",0.113762821117495,"363"
"2179","GUY",0.213132506254193,"363"
"2180","HTI",0.167521730706547,"363"
"2181","PAN",0.866747131748718,"363"
"2182","SUR",0.744995992808827,"363"
"2183","VEN",0.342793806884962,"363"
"2184","BHS",0.723800715375583,"373"
"2185","CUB",0.890652136268199,"373"
"2186","DOM",0.28060577567227,"373"
"2187","HTI",0.19944996830656,"373"
"2188","JAM",0.0707782556687633,"373"
"2189","MEX",0.765753343706821,"373"
"2190","BRN",0.076732080172847,"373"
"2191","CHN",0.215241039313581,"373"
"2192","KEN",0.387547041228839,"373"
"2193","MMR",0.52745626099913,"373"
"2194","LKA",0.773424647387043,"373"
"2195","TWN",0.159563525758148,"373"
"2196","TZA",0.864379307403062,"373"
"2197","TLS",0.159634800236586,"373"
"2198","VNM",0.335332999928497,"373"
"2199","SLV",0.179943271829516,"373"
"2200","KHM",0.142832937459673,"373"
"2201","CHN",0.218495568530112,"373"
"2202","JPN",0.191830899253111,"373"
"2203","KOR",0.292872468454008,"373"
"2204","OMN",0.1577622861418,"373"
"2205","SGP",0.150051380187862,"373"
"2206","SOM",0.66904833323745,"373"
"2207","TWN",0.153882899919015,"373"
"2208","THA",0.220140943801972,"373"
"2209","TLS",0.170025716172178,"373"
"2210","YEM",0.600198787659763,"373"
"2211","BGD",0.663540657868038,"373"
"2212","BRN",0.183262488052805,"373"
"2213","KHM",0.199269175172889,"373"
"2214","CHN",0.232730289778086,"373"
"2215","DJI",0.156104658049893,"373"
"2216","EGY",0.314573478529792,"373"
"2217","IND",0.55297975524409,"373"
"2218","IRN",0.389602056971605,"373"
"2219","IRQ",0.1947352296403,"373"
"2220","KWT",0.666008941367374,"373"
"2221","MDG",0.838962660131654,"373"
"2222","MMR",0.627285548059897,"373"
"2223","SGP",0.163552120866925,"373"
"2224","SOM",0.677514332690439,"373"
"2225","LKA",0.750338442288036,"373"
"2226","TWN",0.151548458364086,"373"
"2227","TZA",0.845857901094382,"373"
"2228","TLS",0.692568671242959,"373"
"2229","VNM",0.357266075279448,"373"
"2230","YEM",0.605111639884553,"373"
"2231","SLB",0.739631218392224,"373"
"2232","BRA",0.779617628286092,"373"
"2233","COL",0.84469994634634,"373"
"2234","CRI",0.519672259901797,"373"
"2235","DOM",0.287692530470838,"373"
"2236","GUF",0.664416711735653,"373"
"2237","GIN",0.185120033890664,"373"
"2238","GUY",0.325677635109172,"373"
"2239","HTI",0.190172950639939,"373"
"2240","PAN",0.821582558650096,"373"
"2241","SUR",0.698464376902464,"373"
"2242","VEN",0.390224727134394,"373"
"2243","BHS",0.703600472374276,"383"
"2244","CUB",0.883933778754092,"383"
"2245","DOM",0.306050565195433,"383"
"2246","HTI",0.200181426111108,"383"
"2247","JAM",0.0660517790915793,"383"
"2248","MEX",0.790587067473685,"383"
"2249","BRN",0.073635097581142,"383"
"2250","CHN",0.222815059120957,"383"
"2251","KEN",0.401058591382356,"383"
"2252","MMR",0.523508904615656,"383"
"2253","LKA",0.773567010020732,"383"
"2254","TWN",0.175870599175492,"383"
"2255","TZA",0.851025072029955,"383"
"2256","TLS",0.152818568087902,"383"
"2257","VNM",0.344117201414154,"383"
"2258","SLV",0.179120327419907,"383"
"2259","KHM",0.129819833726486,"383"
"2260","CHN",0.222309532119929,"383"
"2261","JPN",0.213952792369168,"383"
"2262","KOR",0.315509141012085,"383"
"2263","OMN",0.150360902102027,"383"
"2264","SGP",0.145391680331526,"383"
"2265","SOM",0.652716793152399,"383"
"2266","TWN",0.166666698488052,"383"
"2267","THA",0.237164240517541,"383"
"2268","TLS",0.165344234048665,"383"
"2269","YEM",0.578880668992855,"383"
"2270","BGD",0.676856199788311,"383"
"2271","BRN",0.18710405677505,"383"
"2272","KHM",0.184967738403729,"383"
"2273","CHN",0.246990106550469,"383"
"2274","DJI",0.151252939907289,"383"
"2275","EGY",0.310874987872912,"383"
"2276","IND",0.563241257589885,"383"
"2277","IRN",0.427613409081853,"383"
"2278","IRQ",0.186933016281342,"383"
"2279","KWT",0.621927187289751,"383"
"2280","MDG",0.854077832004964,"383"
"2281","MMR",0.627799988096744,"383"
"2282","SGP",0.161500673205724,"383"
"2283","SOM",0.6550835265871,"383"
"2284","LKA",0.748332315911431,"383"
"2285","TWN",0.175323421787195,"383"
"2286","TZA",0.832992381511695,"383"
"2287","TLS",0.705787341132341,"383"
"2288","VNM",0.368199585655376,"383"
"2289","YEM",0.579632319253371,"383"
"2290","SLB",0.72890104970914,"383"
"2291","BRA",0.782310600718611,"383"
"2292","COL",0.854307230860485,"383"
"2293","CRI",0.531660019354354,"383"
"2294","DOM",0.314791838176962,"383"
"2295","GUF",0.66680895762301,"383"
"2296","GIN",0.17791656835953,"383"
"2297","GUY",0.28008796939762,"383"
"2298","HTI",0.193028631307168,"383"
"2299","PAN",0.826807145699645,"383"
"2300","SUR",0.691252799755569,"383"
"2301","VEN",0.413082210028509,"383"
"2302","BHS",0.748211595558192,"393"
"2303","CUB",0.907353542924284,"393"
"2304","DOM",0.290722730071769,"393"
"2305","HTI",0.168029166553763,"393"
"2306","JAM",0.0483978967144105,"393"
"2307","MEX",0.822760613100528,"393"
"2308","BRN",0.0594913622876109,"393"
"2309","CHN",0.182224766885143,"393"
"2310","KEN",0.372624880314385,"393"
"2311","MMR",0.535428142592209,"393"
"2312","LKA",0.820800128061226,"393"
"2313","TWN",0.162564946920658,"393"
"2314","TZA",0.871274586909805,"393"
"2315","TLS",0.124576269678094,"393"
"2316","VNM",0.310423861634803,"393"
"2317","SLV",0.155500829143957,"393"
"2318","KHM",0.122468383942957,"393"
"2319","CHN",0.183101457546591,"393"
"2320","JPN",0.178396139221649,"393"
"2321","KOR",0.257980237395771,"393"
"2322","OMN",0.137845727757918,"393"
"2323","SGP",0.115846684229079,"393"
"2324","SOM",0.703512396991117,"393"
"2325","TWN",0.154270224392323,"393"
"2326","THA",0.210285777176117,"393"
"2327","TLS",0.139425054722967,"393"
"2328","YEM",0.601050511289285,"393"
"2329","BGD",0.69318929942075,"393"
"2330","BRN",0.184632054761623,"393"
"2331","KHM",0.172389412505622,"393"
"2332","CHN",0.204313508037341,"393"
"2333","DJI",0.132474169219348,"393"
"2334","EGY",0.293913864339364,"393"
"2335","IND",0.548032990192346,"393"
"2336","IRN",0.388777476298565,"393"
"2337","IRQ",0.167998751956288,"393"
"2338","KWT",0.663554723457576,"393"
"2339","MDG",0.869043955893733,"393"
"2340","MMR",0.650680727961885,"393"
"2341","SGP",0.139142629105051,"393"
"2342","SOM",0.710542365984394,"393"
"2343","LKA",0.807523224886629,"393"
"2344","TWN",0.161872000892023,"393"
"2345","TZA",0.853847415409371,"393"
"2346","TLS",0.708518304216674,"393"
"2347","VNM",0.330802705768899,"393"
"2348","YEM",0.609811919168868,"393"
"2349","SLB",0.749713928689015,"393"
"2350","BRA",0.815236769125581,"393"
"2351","COL",0.878727911906338,"393"
"2352","CRI",0.571929084010871,"393"
"2353","DOM",0.308218199487029,"393"
"2354","GUF",0.699766381675005,"393"
"2355","GIN",0.145539681477583,"393"
"2356","GUY",0.297226169795826,"393"
"2357","HTI",0.157005014565851,"393"
"2358","PAN",0.853358208668493,"393"
"2359","SUR",0.759739010491496,"393"
"2360","VEN",0.364173602763302,"393"
"2361","BHS",0.743886448444703,"403"
"2362","CUB",0.92331766526375,"403"
"2363","DOM",0.263337797764901,"403"
"2364","HTI",0.186276696141382,"403"
"2365","JAM",0.0455781623416386,"403"
"2366","MEX",0.848217145466994,"403"
"2367","BRN",0.0538930907081632,"403"
"2368","CHN",0.172017195328558,"403"
"2369","KEN",0.408869156829732,"403"
"2370","MMR",0.552891793888061,"403"
"2371","LKA",0.869087893886814,"403"
"2372","TWN",0.138506421619982,"403"
"2373","TZA",0.916188422147121,"403"
"2374","TLS",0.134088660002316,"403"
"2375","VNM",0.302602276934789,"403"
"2376","SLV",0.131899649913869,"403"
"2377","KHM",0.102818587725545,"403"
"2378","CHN",0.173407948548373,"403"
"2379","JPN",0.173149868613455,"403"
"2380","KOR",0.298283495349062,"403"
"2381","OMN",0.14897607037215,"403"
"2382","SGP",0.100886437919299,"403"
"2383","SOM",0.710454200720465,"403"
"2384","TWN",0.12615469706698,"403"
"2385","THA",0.184163094942865,"403"
"2386","TLS",0.145246527253909,"403"
"2387","YEM",0.647007814006577,"403"
"2388","BGD",0.717797493571063,"403"
"2389","BRN",0.150821904234343,"403"
"2390","KHM",0.152143829783396,"403"
"2391","CHN",0.191733697397971,"403"
"2392","DJI",0.132152001086112,"403"
"2393","EGY",0.231605441267215,"403"
"2394","IND",0.595567122849742,"403"
"2395","IRN",0.369106222362444,"403"
"2396","IRQ",0.18456768523326,"403"
"2397","KWT",0.684082642507327,"403"
"2398","MDG",0.887709884747267,"403"
"2399","MMR",0.658984671551515,"403"
"2400","SGP",0.117191352777449,"403"
"2401","SOM",0.721189885332424,"403"
"2402","LKA",0.845289904994533,"403"
"2403","TWN",0.135208256550956,"403"
"2404","TZA",0.895170169466274,"403"
"2405","TLS",0.745634928782201,"403"
"2406","VNM",0.331981643907797,"403"
"2407","YEM",0.658651810465847,"403"
"2408","SLB",0.75861455728702,"403"
"2409","BRA",0.852995918592901,"403"
"2410","COL",0.888249186394452,"403"
"2411","CRI",0.611509924531894,"403"
"2412","DOM",0.272218992090651,"403"
"2413","GUF",0.710765774588051,"403"
"2414","GIN",0.109742344855808,"403"
"2415","GUY",0.224699553065459,"403"
"2416","HTI",0.172191673078965,"403"
"2417","PAN",0.873780963758673,"403"
"2418","SUR",0.757913998411119,"403"
"2419","VEN",0.353950095631472,"403"
"2420","BHS",0.737080678963649,"413"
"2421","CUB",0.909874601659127,"413"
"2422","DOM",0.271034117225352,"413"
"2423","HTI",0.1846739055429,"413"
"2424","JAM",0.0458759645478029,"413"
"2425","MEX",0.832426002507988,"413"
"2426","BRN",0.0569395830777958,"413"
"2427","CHN",0.18638848497647,"413"
"2428","KEN",0.421056744702128,"413"
"2429","MMR",0.538973092678898,"413"
"2430","LKA",0.854361908224512,"413"
"2431","TWN",0.162953346889932,"413"
"2432","TZA",0.894590892004547,"413"
"2433","TLS",0.128322956420859,"413"
"2434","VNM",0.309762149488969,"413"
"2435","SLV",0.143692434580554,"413"
"2436","KHM",0.10557956679722,"413"
"2437","CHN",0.189360731678128,"413"
"2438","JPN",0.183561741332479,"413"
"2439","KOR",0.272799567203339,"413"
"2440","OMN",0.154819754100886,"413"
"2441","SGP",0.117569432669362,"413"
"2442","SOM",0.686070504515857,"413"
"2443","TWN",0.149797972029601,"413"
"2444","THA",0.196476872297186,"413"
"2445","TLS",0.141751370491121,"413"
"2446","YEM",0.621972015438148,"413"
"2447","BGD",0.723083511815317,"413"
"2448","BRN",0.164653192003776,"413"
"2449","KHM",0.162941257473333,"413"
"2450","CHN",0.215640355295581,"413"
"2451","DJI",0.145383228133819,"413"
"2452","EGY",0.245285545805804,"413"
"2453","IND",0.585535704593408,"413"
"2454","IRN",0.382359712369405,"413"
"2455","IRQ",0.193844009226607,"413"
"2456","KWT",0.684288634637298,"413"
"2457","MDG",0.885015885610956,"413"
"2458","MMR",0.637479690066921,"413"
"2459","SGP",0.140669319160207,"413"
"2460","SOM",0.69473652084957,"413"
"2461","LKA",0.834486094517695,"413"
"2462","TWN",0.158357169652899,"413"
"2463","TZA",0.875143531325875,"413"
"2464","TLS",0.740067265625768,"413"
"2465","VNM",0.342511980260894,"413"
"2466","YEM",0.633463488919299,"413"
"2467","SLB",0.742843590068035,"413"
"2468","BRA",0.837918267204345,"413"
"2469","COL",0.886150658844925,"413"
"2470","CRI",0.597130931622619,"413"
"2471","DOM",0.282329326908881,"413"
"2472","GUF",0.71552857192249,"413"
"2473","GIN",0.13355666871656,"413"
"2474","GUY",0.262738726311565,"413"
"2475","HTI",0.172430369658654,"413"
"2476","PAN",0.861953330286691,"413"
"2477","SUR",0.727228588291245,"413"
"2478","VEN",0.357242325215004,"413"
"2479","BHS",0.734424562052177,"423"
"2480","CUB",0.907170729658813,"423"
"2481","DOM",0.289311846742793,"423"
"2482","HTI",0.192223554783705,"423"
"2483","JAM",0.0483705973730911,"423"
"2484","MEX",0.823198997975303,"423"
"2485","BRN",0.0629263747240283,"423"
"2486","CHN",0.189277071623118,"423"
"2487","KEN",0.410767906917338,"423"
"2488","MMR",0.530548371013706,"423"
"2489","LKA",0.813381188874493,"423"
"2490","TWN",0.140460196286758,"423"
"2491","TZA",0.888584104190889,"423"
"2492","TLS",0.133260504255665,"423"
"2493","VNM",0.31557126553228,"423"
"2494","SLV",0.151340558864775,"423"
"2495","KHM",0.103968565626915,"423"
"2496","CHN",0.18986255612793,"423"
"2497","JPN",0.167067663151036,"423"
"2498","KOR",0.280957382388658,"423"
"2499","OMN",0.157344233219931,"423"
"2500","SGP",0.129140049504782,"423"
"2501","SOM",0.69035926654994,"423"
"2502","TWN",0.132979832675574,"423"
"2503","THA",0.22321758691607,"423"
"2504","TLS",0.146939284656961,"423"
"2505","YEM",0.616132283299458,"423"
"2506","BGD",0.707215765113639,"423"
"2507","BRN",0.188145191367767,"423"
"2508","KHM",0.156601541940932,"423"
"2509","CHN",0.207060628507798,"423"
"2510","DJI",0.143564397966449,"423"
"2511","EGY",0.258668552802234,"423"
"2512","IND",0.570780599868389,"423"
"2513","IRN",0.412142093492467,"423"
"2514","IRQ",0.185696847887203,"423"
"2515","KWT",0.668409377427268,"423"
"2516","MDG",0.871565787806323,"423"
"2517","MMR",0.651463120690731,"423"
"2518","SGP",0.154395312844001,"423"
"2519","SOM",0.701852563489493,"423"
"2520","LKA",0.791367477615562,"423"
"2521","TWN",0.135521567206528,"423"
"2522","TZA",0.868339327660902,"423"
"2523","TLS",0.723939511460642,"423"
"2524","VNM",0.339388255279635,"423"
"2525","YEM",0.617240672056899,"423"
"2526","SLB",0.746459465858235,"423"
"2527","BRA",0.818658824267258,"423"
"2528","COL",0.880418130797565,"423"
"2529","CRI",0.597664191064105,"423"
"2530","DOM",0.308264717989921,"423"
"2531","GUF",0.684665830707487,"423"
"2532","GIN",0.14203668813734,"423"
"2533","GUY",0.261004029777155,"423"
"2534","HTI",0.188270409028063,"423"
"2535","PAN",0.851288915188252,"423"
"2536","SUR",0.737858571855279,"423"
"2537","VEN",0.394544560462933,"423"
"2538","BHS",0.779497226394949,"432"
"2539","CUB",0.928339227632483,"432"
"2540","DOM",0.285662719832779,"432"
"2541","HTI",0.186873118593185,"432"
"2542","JAM",0.0401202066748974,"432"
"2543","MEX",0.85814389114692,"432"
"2544","BRN",0.050990634702615,"432"
"2545","CHN",0.165136664676017,"432"
"2546","KEN",0.418328885978089,"432"
"2547","MMR",0.5725533155704,"432"
"2548","LKA",0.86820221013355,"432"
"2549","TWN",0.119496547546786,"432"
"2550","TZA",0.911070327819533,"432"
"2551","TLS",0.118664386352058,"432"
"2552","VNM",0.299085799235633,"432"
"2553","SLV",0.123832532349546,"432"
"2554","KHM",0.0952457048669597,"432"
"2555","CHN",0.167568041232899,"432"
"2556","JPN",0.156578274273115,"432"
"2557","KOR",0.249393052537405,"432"
"2558","OMN",0.123663334862855,"432"
"2559","SGP",0.0942956760732238,"432"
"2560","SOM",0.746096702943475,"432"
"2561","TWN",0.113275690576539,"432"
"2562","THA",0.161221150515638,"432"
"2563","TLS",0.129554467954782,"432"
"2564","YEM",0.644342548506988,"432"
"2565","BGD",0.742581818952276,"432"
"2566","BRN",0.158195016240657,"432"
"2567","KHM",0.145550262910581,"432"
"2568","CHN",0.18789721455263,"432"
"2569","DJI",0.133579379036248,"432"
"2570","EGY",0.221085312223642,"432"
"2571","IND",0.6032628620674,"432"
"2572","IRN",0.344429225218726,"432"
"2573","IRQ",0.189909894162091,"432"
"2574","KWT",0.708659805459596,"432"
"2575","MDG",0.891560588241566,"432"
"2576","MMR",0.657079402809951,"432"
"2577","SGP",0.116027626682377,"432"
"2578","SOM",0.735013634002264,"432"
"2579","LKA",0.85752644268311,"432"
"2580","TWN",0.119214186661198,"432"
"2581","TZA",0.892211670205612,"432"
"2582","TLS",0.749839478795861,"432"
"2583","VNM",0.328841125673,"432"
"2584","YEM",0.650406870507697,"432"
"2585","SLB",0.778425355591312,"432"
"2586","BRA",0.860104274431253,"432"
"2587","COL",0.900562880318091,"432"
"2588","CRI",0.67749024426704,"432"
"2589","DOM",0.29176302453953,"432"
"2590","GUF",0.72012548568107,"432"
"2591","GIN",0.101451540025994,"432"
"2592","GUY",0.252393850156851,"432"
"2593","HTI",0.1723774785388,"432"
"2594","PAN",0.893948782465184,"432"
"2595","SUR",0.793552638516462,"432"
"2596","VEN",0.304273334051993,"432"
"2597","BHS",0.758215625226585,"443"
"2598","CUB",0.898558874747227,"443"
"2599","DOM",0.279078937552127,"443"
"2600","HTI",0.182213057044605,"443"
"2601","JAM",0.052353305373771,"443"
"2602","MEX",0.831566656379435,"443"
"2603","BRN",0.0595621780580671,"443"
"2604","CHN",0.189608515247643,"443"
"2605","KEN",0.409387626832595,"443"
"2606","MMR",0.506397643281835,"443"
"2607","LKA",0.814227166726731,"443"
"2608","TWN",0.141333479395397,"443"
"2609","TZA",0.882090260139985,"443"
"2610","TLS",0.140833389552454,"443"
"2611","VNM",0.335486256960535,"443"
"2612","SLV",0.144137754359399,"443"
"2613","KHM",0.121780987248916,"443"
"2614","CHN",0.188360640188505,"443"
"2615","JPN",0.187833094529219,"443"
"2616","KOR",0.298151589351284,"443"
"2617","OMN",0.150325132213555,"443"
"2618","SGP",0.134366428191274,"443"
"2619","SOM",0.707997064671207,"443"
"2620","TWN",0.133210142810211,"443"
"2621","THA",0.216879403185808,"443"
"2622","TLS",0.150202712531656,"443"
"2623","YEM",0.636751491453784,"443"
"2624","BGD",0.679109046785766,"443"
"2625","BRN",0.168096561436255,"443"
"2626","KHM",0.165864007404785,"443"
"2627","CHN",0.204322740320482,"443"
"2628","DJI",0.138938795189759,"443"
"2629","EGY",0.278061743585849,"443"
"2630","IND",0.564987382347931,"443"
"2631","IRN",0.375858617223163,"443"
"2632","IRQ",0.172881664666158,"443"
"2633","KWT",0.680864264788329,"443"
"2634","MDG",0.877261262409504,"443"
"2635","MMR",0.641474929979844,"443"
"2636","SGP",0.149858423719332,"443"
"2637","SOM",0.716054609677862,"443"
"2638","LKA",0.799649628242945,"443"
"2639","TWN",0.139199488077551,"443"
"2640","TZA",0.871084616740676,"443"
"2641","TLS",0.741616427666141,"443"
"2642","VNM",0.358037211462206,"443"
"2643","YEM",0.650087874952258,"443"
"2644","SLB",0.760379799589919,"443"
"2645","BRA",0.82373047981805,"443"
"2646","COL",0.884106046512949,"443"
"2647","CRI",0.582241620342196,"443"
"2648","DOM",0.28052456830128,"443"
"2649","GUF",0.684597075911371,"443"
"2650","GIN",0.138196899331537,"443"
"2651","GUY",0.25673764391954,"443"
"2652","HTI",0.16466029296714,"443"
"2653","PAN",0.838091020737415,"443"
"2654","SUR",0.725223509932015,"443"
"2655","VEN",0.364327021365118,"443"
"2656","BHS",0.768217979099511,"452"
"2657","CUB",0.924487116120621,"452"
"2658","DOM",0.269021968842378,"452"
"2659","HTI",0.172348276694253,"452"
"2660","JAM",0.0381237573025082,"452"
"2661","MEX",0.837941209021667,"452"
"2662","BRN",0.0494219840927475,"452"
"2663","CHN",0.18615718353579,"452"
"2664","KEN",0.44718500859691,"452"
"2665","MMR",0.529410031240234,"452"
"2666","LKA",0.841256173462008,"452"
"2667","TWN",0.130621363670057,"452"
"2668","TZA",0.888299861416848,"452"
"2669","TLS",0.123870492250051,"452"
"2670","VNM",0.307086113840073,"452"
"2671","SLV",0.125860795050941,"452"
"2672","KHM",0.101227701506325,"452"
"2673","CHN",0.184779433831275,"452"
"2674","JPN",0.155501630570274,"452"
"2675","KOR",0.277208469570321,"452"
"2676","OMN",0.1395566761698,"452"
"2677","SGP",0.0999282389602508,"452"
"2678","SOM",0.708924451916938,"452"
"2679","TWN",0.122643733008279,"452"
"2680","THA",0.20639318869805,"452"
"2681","TLS",0.140791452330378,"452"
"2682","YEM",0.625446233123274,"452"
"2683","BGD",0.733092746022165,"452"
"2684","BRN",0.132610006378728,"452"
"2685","KHM",0.155652718514187,"452"
"2686","CHN",0.205424871167271,"452"
"2687","DJI",0.114211541385839,"452"
"2688","EGY",0.219220998014629,"452"
"2689","IND",0.605448168757635,"452"
"2690","IRN",0.39769352242587,"452"
"2691","IRQ",0.179492983039201,"452"
"2692","KWT",0.692564111347317,"452"
"2693","MDG",0.887556340616067,"452"
"2694","MMR",0.665575681463989,"452"
"2695","SGP",0.115789704854139,"452"
"2696","SOM",0.711336594133196,"452"
"2697","LKA",0.823226621975891,"452"
"2698","TWN",0.120519561595588,"452"
"2699","TZA",0.867421280460202,"452"
"2700","TLS",0.74214696123427,"452"
"2701","VNM",0.326674910159574,"452"
"2702","YEM",0.63525455846327,"452"
"2703","SLB",0.754106060549181,"452"
"2704","BRA",0.83328495340217,"452"
"2705","COL",0.881320075295193,"452"
"2706","CRI",0.618011979170426,"452"
"2707","DOM",0.288851012739662,"452"
"2708","GUF",0.732201395967915,"452"
"2709","GIN",0.126112920599336,"452"
"2710","GUY",0.233393026188395,"452"
"2711","HTI",0.163920562045155,"452"
"2712","PAN",0.874309348038834,"452"
"2713","SUR",0.776468735914345,"452"
"2714","VEN",0.383201673891562,"452"
"2715","BHS",0.743088548293838,"462"
"2716","CUB",0.890682715692933,"462"
"2717","DOM",0.275247073785917,"462"
"2718","HTI",0.189565439080853,"462"
"2719","JAM",0.054069813590385,"462"
"2720","MEX",0.792572203227237,"462"
"2721","BRN",0.072844953175829,"462"
"2722","CHN",0.18336154762884,"462"
"2723","KEN",0.398694408680285,"462"
"2724","MMR",0.526063009496458,"462"
"2725","LKA",0.819096287203245,"462"
"2726","TWN",0.171540385596431,"462"
"2727","TZA",0.879993615216994,"462"
"2728","TLS",0.133065135418451,"462"
"2729","VNM",0.322463153295127,"462"
"2730","SLV",0.172646130735686,"462"
"2731","KHM",0.121804590994575,"462"
"2732","CHN",0.184016192387474,"462"
"2733","JPN",0.187569932256653,"462"
"2734","KOR",0.275682446195653,"462"
"2735","OMN",0.140674813321639,"462"
"2736","SGP",0.127168804495804,"462"
"2737","SOM",0.684123253909693,"462"
"2738","TWN",0.160598192497035,"462"
"2739","THA",0.207631527705015,"462"
"2740","TLS",0.148970753377655,"462"
"2741","YEM",0.609300693911208,"462"
"2742","BGD",0.678228900178025,"462"
"2743","BRN",0.211952484425389,"462"
"2744","KHM",0.170544514431207,"462"
"2745","CHN",0.199485175478791,"462"
"2746","DJI",0.142549141571138,"462"
"2747","EGY",0.267794483848594,"462"
"2748","IND",0.55167306132138,"462"
"2749","IRN",0.376081139218407,"462"
"2750","IRQ",0.176521659947372,"462"
"2751","KWT",0.665498839047241,"462"
"2752","MDG",0.850851971566636,"462"
"2753","MMR",0.62503152848964,"462"
"2754","SGP",0.141232281880018,"462"
"2755","SOM",0.693862744540153,"462"
"2756","LKA",0.799796756967898,"462"
"2757","TWN",0.161407476872592,"462"
"2758","TZA",0.858351964147173,"462"
"2759","TLS",0.709992816728548,"462"
"2760","VNM",0.345523590334227,"462"
"2761","YEM",0.618171695710666,"462"
"2762","SLB",0.762120941718467,"462"
"2763","BRA",0.803441860624731,"462"
"2764","COL",0.858536878984946,"462"
"2765","CRI",0.525063118387428,"462"
"2766","DOM",0.292840237623632,"462"
"2767","GUF",0.700541973860192,"462"
"2768","GIN",0.167182748517736,"462"
"2769","GUY",0.299383786934229,"462"
"2770","HTI",0.179869310489708,"462"
"2771","PAN",0.83415226718524,"462"
"2772","SUR",0.731755448796036,"462"
"2773","VEN",0.36536532012764,"462"
"2774","BHS",0.737586138966901,"472"
"2775","CUB",0.906213988382788,"472"
"2776","DOM",0.281388207231772,"472"
"2777","HTI",0.200778995346938,"472"
"2778","JAM",0.0570456027459932,"472"
"2779","MEX",0.816388223348311,"472"
"2780","BRN",0.0623387994902189,"472"
"2781","CHN",0.184137689048019,"472"
"2782","KEN",0.404887416001443,"472"
"2783","MMR",0.512823148939777,"472"
"2784","LKA",0.813710671368105,"472"
"2785","TWN",0.157446706433777,"472"
"2786","TZA",0.882649841676758,"472"
"2787","TLS",0.153492846138805,"472"
"2788","VNM",0.289293927364254,"472"
"2789","SLV",0.154116888914243,"472"
"2790","KHM",0.119042692255784,"472"
"2791","CHN",0.186808203584204,"472"
"2792","JPN",0.184180391560882,"472"
"2793","KOR",0.277536207459014,"472"
"2794","OMN",0.159340456568689,"472"
"2795","SGP",0.119029131583197,"472"
"2796","SOM",0.700066109682954,"472"
"2797","TWN",0.151206246967127,"472"
"2798","THA",0.208931988037206,"472"
"2799","TLS",0.17036077888382,"472"
"2800","YEM",0.62025233457013,"472"
"2801","BGD",0.708384850101566,"472"
"2802","BRN",0.177485837568978,"472"
"2803","KHM",0.177607202340719,"472"
"2804","CHN",0.207195670549832,"472"
"2805","DJI",0.156980927504936,"472"
"2806","EGY",0.274225554180029,"472"
"2807","IND",0.567987182888047,"472"
"2808","IRN",0.376791666270601,"472"
"2809","IRQ",0.197003426466894,"472"
"2810","KWT",0.65090640760743,"472"
"2811","MDG",0.874112753283166,"472"
"2812","MMR",0.625693645605026,"472"
"2813","SGP",0.13820393476238,"472"
"2814","SOM",0.706281236734769,"472"
"2815","LKA",0.804688033697159,"472"
"2816","TWN",0.156879916654291,"472"
"2817","TZA",0.86897283863658,"472"
"2818","TLS",0.744499026618398,"472"
"2819","VNM",0.311569501672646,"472"
"2820","YEM",0.63178918861251,"472"
"2821","SLB",0.75280083819487,"472"
"2822","BRA",0.828847046695672,"472"
"2823","COL",0.885407394385196,"472"
"2824","CRI",0.578758998712591,"472"
"2825","DOM",0.288822632316877,"472"
"2826","GUF",0.721372022706402,"472"
"2827","GIN",0.149147598512856,"472"
"2828","GUY",0.279777892896938,"472"
"2829","HTI",0.185896116346365,"472"
"2830","PAN",0.842360080178039,"472"
"2831","SUR",0.737971705793811,"472"
"2832","VEN",0.401906608380511,"472"
"2833","BHS",0.768257122036015,"482"
"2834","CUB",0.917019199558403,"482"
"2835","DOM",0.266014164228692,"482"
"2836","HTI",0.18695861697918,"482"
"2837","JAM",0.046722882944522,"482"
"2838","MEX",0.838084114754429,"482"
"2839","BRN",0.0525400032989155,"482"
"2840","CHN",0.177707788423827,"482"
"2841","KEN",0.413344282569844,"482"
"2842","MMR",0.492978026173868,"482"
"2843","LKA",0.81124431668125,"482"
"2844","TWN",0.131004537175828,"482"
"2845","TZA",0.904755708014545,"482"
"2846","TLS",0.141855797507109,"482"
"2847","VNM",0.318325916950654,"482"
"2848","SLV",0.135887801459983,"482"
"2849","KHM",0.116273233852107,"482"
"2850","CHN",0.180925475115405,"482"
"2851","JPN",0.163993558656485,"482"
"2852","KOR",0.280537480937654,"482"
"2853","OMN",0.153854597141777,"482"
"2854","SGP",0.104545263887496,"482"
"2855","SOM",0.704116800341441,"482"
"2856","TWN",0.13082665324139,"482"
"2857","THA",0.191111741671727,"482"
"2858","TLS",0.161399717947049,"482"
"2859","YEM",0.629251470993128,"482"
"2860","BGD",0.719203583249786,"482"
"2861","BRN",0.157261596471664,"482"
"2862","KHM",0.159264512487771,"482"
"2863","CHN",0.198283326728207,"482"
"2864","DJI",0.134980091870866,"482"
"2865","EGY",0.243691615571365,"482"
"2866","IND",0.599973280074809,"482"
"2867","IRN",0.357883697456373,"482"
"2868","IRQ",0.180750626171608,"482"
"2869","KWT",0.67118279227075,"482"
"2870","MDG",0.877753378709194,"482"
"2871","MMR",0.622322965303897,"482"
"2872","SGP",0.120518791625947,"482"
"2873","SOM",0.705230578884668,"482"
"2874","LKA",0.796944912219604,"482"
"2875","TWN",0.130637862234311,"482"
"2876","TZA",0.89758109683292,"482"
"2877","TLS",0.765517234046096,"482"
"2878","VNM",0.339124224029988,"482"
"2879","YEM",0.638163747039084,"482"
"2880","SLB",0.797554042531281,"482"
"2881","BRA",0.835062291298673,"482"
"2882","COL",0.893970477732404,"482"
"2883","CRI",0.604089377110568,"482"
"2884","DOM",0.284470025670419,"482"
"2885","GUF",0.711621887238618,"482"
"2886","GIN",0.154544386685741,"482"
"2887","GUY",0.280384223373285,"482"
"2888","HTI",0.178684431256565,"482"
"2889","PAN",0.861642064892381,"482"
"2890","SUR",0.771660326875799,"482"
"2891","VEN",0.338384391577493,"482"
"2892","BHS",0.72422739799593,"495"
"2893","CUB",0.881214166920825,"495"
"2894","DOM",0.292598575897807,"495"
"2895","HTI",0.198828776149962,"495"
"2896","JAM",0.0679512446252092,"495"
"2897","MEX",0.786527159118866,"495"
"2898","BRN",0.0792264298887677,"495"
"2899","CHN",0.206720564351554,"495"
"2900","KEN",0.377717865006792,"495"
"2901","MMR",0.523383693759552,"495"
"2902","LKA",0.771992833478947,"495"
"2903","TWN",0.173500954663821,"495"
"2904","TZA",0.849506868918729,"495"
"2905","TLS",0.152481711238552,"495"
"2906","VNM",0.331643168949315,"495"
"2907","SLV",0.191569417899788,"495"
"2908","KHM",0.129313005339535,"495"
"2909","CHN",0.203922175208647,"495"
"2910","JPN",0.207585987337328,"495"
"2911","KOR",0.299447643061665,"495"
"2912","OMN",0.162741960473504,"495"
"2913","SGP",0.142549297225608,"495"
"2914","SOM",0.679480959375135,"495"
"2915","TWN",0.160519117133342,"495"
"2916","THA",0.231107171881926,"495"
"2917","TLS",0.164835273004259,"495"
"2918","YEM",0.591656230099342,"495"
"2919","BGD",0.658202784034139,"495"
"2920","BRN",0.199426006530623,"495"
"2921","KHM",0.177858801368865,"495"
"2922","CHN",0.223598021088659,"495"
"2923","DJI",0.155306757453717,"495"
"2924","EGY",0.292725635378532,"495"
"2925","IND",0.552613251019161,"495"
"2926","IRN",0.378109476849506,"495"
"2927","IRQ",0.173584164873835,"495"
"2928","KWT",0.657709158387675,"495"
"2929","MDG",0.83764879408289,"495"
"2930","MMR",0.599084703097506,"495"
"2931","SGP",0.161097965290412,"495"
"2932","SOM",0.67814721042206,"495"
"2933","LKA",0.755490428584057,"495"
"2934","TWN",0.165616558374687,"495"
"2935","TZA",0.831178227161666,"495"
"2936","TLS",0.695621673874111,"495"
"2937","VNM",0.358803705747939,"495"
"2938","YEM",0.598167115372034,"495"
"2939","SLB",0.722536485540894,"495"
"2940","BRA",0.789007676664847,"495"
"2941","COL",0.837100502955784,"495"
"2942","CRI",0.527647204135764,"495"
"2943","DOM",0.310102159474548,"495"
"2944","GUF",0.658957382084769,"495"
"2945","GIN",0.16735748680037,"495"
"2946","GUY",0.292623329159949,"495"
"2947","HTI",0.194721320036333,"495"
"2948","PAN",0.829966665890572,"495"
"2949","SUR",0.712289926793034,"495"
"2950","VEN",0.388260410635265,"495"
"2951","BHS",0.785828190295563,"502"
"2952","CUB",0.950415936967542,"502"
"2953","DOM",0.274068218857514,"502"
"2954","HTI",0.171753169581654,"502"
"2955","JAM",0.0273421810864104,"502"
"2956","MEX",0.882615701532459,"502"
"2957","BRN",0.036264190972352,"502"
"2958","CHN",0.148570917888035,"502"
"2959","KEN",0.393166159799461,"502"
"2960","MMR",0.57202942742289,"502"
"2961","LKA",0.91516088278221,"502"
"2962","TWN",0.0992691647784964,"502"
"2963","TZA",0.927585091495847,"502"
"2964","TLS",0.100946179989957,"502"
"2965","VNM",0.279492585152897,"502"
"2966","SLV",0.0904181345857998,"502"
"2967","KHM",0.0836635236252757,"502"
"2968","CHN",0.149591364342098,"502"
"2969","JPN",0.12620122990544,"502"
"2970","KOR",0.253299491351803,"502"
"2971","OMN",0.135290389858388,"502"
"2972","SGP",0.06714779207611,"502"
"2973","SOM",0.78356509209287,"502"
"2974","TWN",0.0876781073084612,"502"
"2975","THA",0.151587701174623,"502"
"2976","TLS",0.109351133798077,"502"
"2977","YEM",0.684156464195428,"502"
"2978","BGD",0.770676401211974,"502"
"2979","BRN",0.136322509637478,"502"
"2980","KHM",0.134102229070594,"502"
"2981","CHN",0.167661318680696,"502"
"2982","DJI",0.121148478392914,"502"
"2983","EGY",0.161462893365001,"502"
"2984","IND",0.63572901995081,"502"
"2985","IRN",0.393693346974994,"502"
"2986","IRQ",0.152812238008498,"502"
"2987","KWT",0.743578362847421,"502"
"2988","MDG",0.916993427966928,"502"
"2989","MMR",0.692812771582359,"502"
"2990","SGP",0.0848327334509721,"502"
"2991","SOM",0.790886013736428,"502"
"2992","LKA",0.90307760858488,"502"
"2993","TWN",0.0890012277060151,"502"
"2994","TZA",0.912062378657788,"502"
"2995","TLS",0.808031898618316,"502"
"2996","VNM",0.289783644764546,"502"
"2997","YEM",0.708459816095485,"502"
"2998","SLB",0.775711697894839,"502"
"2999","BRA",0.879866211113113,"502"
"3000","COL",0.917531696666888,"502"
"3001","CRI",0.733168719978032,"502"
"3002","DOM",0.268896861328171,"502"
"3003","GUF",0.781163275028104,"502"
"3004","GIN",0.0960836255082608,"502"
"3005","GUY",0.169382053163885,"502"
"3006","HTI",0.153851858219494,"502"
"3007","PAN",0.913067256551159,"502"
"3008","SUR",0.814842786506213,"502"
"3009","VEN",0.333254917937926,"502"
"3010","BHS",0.774073676023546,"515"
"3011","CUB",0.91413255222983,"515"
"3012","DOM",0.256350475108904,"515"
"3013","HTI",0.173633112287733,"515"
"3014","JAM",0.0474972737954883,"515"
"3015","MEX",0.824756821753,"515"
"3016","BRN",0.057648928266003,"515"
"3017","CHN",0.180552093783991,"515"
"3018","KEN",0.440197974226736,"515"
"3019","MMR",0.552235331805874,"515"
"3020","LKA",0.845151572939625,"515"
"3021","TWN",0.143978125413207,"515"
"3022","TZA",0.895523228007168,"515"
"3023","TLS",0.13803132085653,"515"
"3024","VNM",0.33280834556033,"515"
"3025","SLV",0.137305299983973,"515"
"3026","KHM",0.112041310794671,"515"
"3027","CHN",0.179153808147071,"515"
"3028","JPN",0.186818215443113,"515"
"3029","KOR",0.270562736021127,"515"
"3030","OMN",0.138961859814325,"515"
"3031","SGP",0.105880710856214,"515"
"3032","SOM",0.704864623071762,"515"
"3033","TWN",0.132605113204836,"515"
"3034","THA",0.18221262042836,"515"
"3035","TLS",0.15260277240207,"515"
"3036","YEM",0.642648630032773,"515"
"3037","BGD",0.70441702730366,"515"
"3038","BRN",0.175400580824846,"515"
"3039","KHM",0.155620746933764,"515"
"3040","CHN",0.199797177500586,"515"
"3041","DJI",0.134673915563831,"515"
"3042","EGY",0.23496796582935,"515"
"3043","IND",0.57400379227406,"515"
"3044","IRN",0.34559241397417,"515"
"3045","IRQ",0.174135323732216,"515"
"3046","KWT",0.684084171225514,"515"
"3047","MDG",0.881042156597903,"515"
"3048","MMR",0.627962513146525,"515"
"3049","SGP",0.122811342822662,"515"
"3050","SOM",0.713479782141617,"515"
"3051","LKA",0.83319928803763,"515"
"3052","TWN",0.139141184677993,"515"
"3053","TZA",0.874872899518564,"515"
"3054","TLS",0.741723979942196,"515"
"3055","VNM",0.341623716456794,"515"
"3056","YEM",0.655501458226859,"515"
"3057","SLB",0.758285368115897,"515"
"3058","BRA",0.846926328957088,"515"
"3059","COL",0.889020266273784,"515"
"3060","CRI",0.591045808225988,"515"
"3061","DOM",0.281739013655776,"515"
"3062","GUF",0.723604675479487,"515"
"3063","GIN",0.132818899392789,"515"
"3064","GUY",0.256170461518726,"515"
"3065","HTI",0.168398704419471,"515"
"3066","PAN",0.839437555396126,"515"
"3067","SUR",0.756728281263952,"515"
"3068","VEN",0.364631906430396,"515"
"3069","BHS",0.751267155495505,"525"
"3070","CUB",0.929266854941487,"525"
"3071","DOM",0.2944508204378,"525"
"3072","HTI",0.177460978050704,"525"
"3073","JAM",0.0423866812293684,"525"
"3074","MEX",0.843822000758616,"525"
"3075","BRN",0.0503762480666811,"525"
"3076","CHN",0.167384895254209,"525"
"3077","KEN",0.402299444140444,"525"
"3078","MMR",0.540062233941117,"525"
"3079","LKA",0.856196881230794,"525"
"3080","TWN",0.121311525496941,"525"
"3081","TZA",0.899375183763068,"525"
"3082","TLS",0.132582658931513,"525"
"3083","VNM",0.29857958268191,"525"
"3084","SLV",0.130451430632531,"525"
"3085","KHM",0.110147494840919,"525"
"3086","CHN",0.167769685332022,"525"
"3087","JPN",0.152636328510801,"525"
"3088","KOR",0.265002127389504,"525"
"3089","OMN",0.132151743054909,"525"
"3090","SGP",0.0915323169166388,"525"
"3091","SOM",0.725666344879706,"525"
"3092","TWN",0.113263973545304,"525"
"3093","THA",0.200227190709664,"525"
"3094","TLS",0.147815565056624,"525"
"3095","YEM",0.630205905071656,"525"
"3096","BGD",0.731301675548659,"525"
"3097","BRN",0.162216492193278,"525"
"3098","KHM",0.174399705037874,"525"
"3099","CHN",0.189991010425768,"525"
"3100","DJI",0.139641626676954,"525"
"3101","EGY",0.190043872558898,"525"
"3102","IND",0.61823694086471,"525"
"3103","IRN",0.370290061651997,"525"
"3104","IRQ",0.182451056632621,"525"
"3105","KWT",0.708130641796485,"525"
"3106","MDG",0.877730432781053,"525"
"3107","MMR",0.660245762527319,"525"
"3108","SGP",0.110754756893865,"525"
"3109","SOM",0.746121899407922,"525"
"3110","LKA",0.848094248574497,"525"
"3111","TWN",0.124232829740134,"525"
"3112","TZA",0.887356639938094,"525"
"3113","TLS",0.778972415394231,"525"
"3114","VNM",0.332582301276759,"525"
"3115","YEM",0.649989734657609,"525"
"3116","SLB",0.777242282696659,"525"
"3117","BRA",0.84782376100787,"525"
"3118","COL",0.896938688678117,"525"
"3119","CRI",0.632266500396173,"525"
"3120","DOM",0.305548191957843,"525"
"3121","GUF",0.706469310275839,"525"
"3122","GIN",0.119063368742242,"525"
"3123","GUY",0.207261574853193,"525"
"3124","HTI",0.165375775716662,"525"
"3125","PAN",0.861437838813623,"525"
"3126","SUR",0.765849295775998,"525"
"3127","VEN",0.348951118908292,"525"
"3128","BHS",0.759112457993884,"535"
"3129","CUB",0.917854439928768,"535"
"3130","DOM",0.270597958374291,"535"
"3131","HTI",0.176626239273245,"535"
"3132","JAM",0.0416454183518001,"535"
"3133","MEX",0.82117795882495,"535"
"3134","BRN",0.0557373320675474,"535"
"3135","CHN",0.178351368033938,"535"
"3136","KEN",0.419143414451772,"535"
"3137","MMR",0.562636632680976,"535"
"3138","LKA",0.838394768029603,"535"
"3139","TWN",0.164073143514174,"535"
"3140","TZA",0.912040812044846,"535"
"3141","TLS",0.128613977532343,"535"
"3142","VNM",0.307270458093064,"535"
"3143","SLV",0.137761811066356,"535"
"3144","KHM",0.108893053699269,"535"
"3145","CHN",0.179966872382032,"535"
"3146","JPN",0.182274919665739,"535"
"3147","KOR",0.288120426086243,"535"
"3148","OMN",0.151950467183654,"535"
"3149","SGP",0.120653030850965,"535"
"3150","SOM",0.694193883353673,"535"
"3151","TWN",0.157247180150643,"535"
"3152","THA",0.185878461493905,"535"
"3153","TLS",0.140023549586159,"535"
"3154","YEM",0.613055516225354,"535"
"3155","BGD",0.687460631917294,"535"
"3156","BRN",0.163654893709686,"535"
"3157","KHM",0.155917718881117,"535"
"3158","CHN",0.197670503030505,"535"
"3159","DJI",0.124178358192798,"535"
"3160","EGY",0.250818827750246,"535"
"3161","IND",0.589707164758342,"535"
"3162","IRN",0.345105338663631,"535"
"3163","IRQ",0.18308412347727,"535"
"3164","KWT",0.674210753492728,"535"
"3165","MDG",0.873386446034147,"535"
"3166","MMR",0.663812032604207,"535"
"3167","SGP",0.135048677085797,"535"
"3168","SOM",0.692626268920208,"535"
"3169","LKA",0.810652032069677,"535"
"3170","TWN",0.14951283913473,"535"
"3171","TZA",0.891197911703371,"535"
"3172","TLS",0.743409648408011,"535"
"3173","VNM",0.323204123268126,"535"
"3174","YEM",0.613039157592881,"535"
"3175","SLB",0.757011996039208,"535"
"3176","BRA",0.831178069630196,"535"
"3177","COL",0.876607244463212,"535"
"3178","CRI",0.632708796391184,"535"
"3179","DOM",0.273708443505991,"535"
"3180","GUF",0.718327149758482,"535"
"3181","GIN",0.13617094616108,"535"
"3182","GUY",0.269571124632639,"535"
"3183","HTI",0.168451250897159,"535"
"3184","PAN",0.85591351750151,"535"
"3185","SUR",0.716346761735047,"535"
"3186","VEN",0.363872852319766,"535"
"3187","BHS",0.732310904141188,"545"
"3188","CUB",0.9099779834008,"545"
"3189","DOM",0.307398545546614,"545"
"3190","HTI",0.198814841073509,"545"
"3191","JAM",0.0468715342584438,"545"
"3192","MEX",0.82993082753866,"545"
"3193","BRN",0.0548761540404075,"545"
"3194","CHN",0.191135691924336,"545"
"3195","KEN",0.41728995707133,"545"
"3196","MMR",0.535916472498928,"545"
"3197","LKA",0.849109078773541,"545"
"3198","TWN",0.139794576898547,"545"
"3199","TZA",0.887276865330739,"545"
"3200","TLS",0.138852946341414,"545"
"3201","VNM",0.320319870702015,"545"
"3202","SLV",0.156002032533205,"545"
"3203","KHM",0.10133665430148,"545"
"3204","CHN",0.192237727446999,"545"
"3205","JPN",0.164671295693527,"545"
"3206","KOR",0.282151979203167,"545"
"3207","OMN",0.143023730361478,"545"
"3208","SGP",0.114309181579968,"545"
"3209","SOM",0.721782309999204,"545"
"3210","TWN",0.132532605129188,"545"
"3211","THA",0.20636595452156,"545"
"3212","TLS",0.154037483261863,"545"
"3213","YEM",0.616577670522859,"545"
"3214","BGD",0.720691729705525,"545"
"3215","BRN",0.159574312867224,"545"
"3216","KHM",0.141720628804076,"545"
"3217","CHN",0.207938101244727,"545"
"3218","DJI",0.14121076481257,"545"
"3219","EGY",0.221369982482243,"545"
"3220","IND",0.572655536448864,"545"
"3221","IRN",0.42905458510168,"545"
"3222","IRQ",0.188016111876623,"545"
"3223","KWT",0.649904208558251,"545"
"3224","MDG",0.862205584476355,"545"
"3225","MMR",0.646453108529973,"545"
"3226","SGP",0.12601415345206,"545"
"3227","SOM",0.728145187371963,"545"
"3228","LKA",0.830850385840617,"545"
"3229","TWN",0.131187994234952,"545"
"3230","TZA",0.872784975200682,"545"
"3231","TLS",0.727671584247547,"545"
"3232","VNM",0.342500238888911,"545"
"3233","YEM",0.614376645068739,"545"
"3234","SLB",0.756936371652917,"545"
"3235","BRA",0.827760145017723,"545"
"3236","COL",0.867426466984649,"545"
"3237","CRI",0.585726664545787,"545"
"3238","DOM",0.308465532451225,"545"
"3239","GUF",0.720323542990154,"545"
"3240","GIN",0.127885710738846,"545"
"3241","GUY",0.222463618990725,"545"
"3242","HTI",0.182273969231132,"545"
"3243","PAN",0.850415662559062,"545"
"3244","SUR",0.749072609814605,"545"
"3245","VEN",0.390371215979579,"545"
"3246","BHS",0.780578860346661,"557"
"3247","CUB",0.923242676582376,"557"
"3248","DOM",0.25751874102237,"557"
"3249","HTI",0.159812655860212,"557"
"3250","JAM",0.0401116278854711,"557"
"3251","MEX",0.850428340412391,"557"
"3252","BRN",0.0442249370851873,"557"
"3253","CHN",0.143842762998934,"557"
"3254","KEN",0.395950527547727,"557"
"3255","MMR",0.548265415793607,"557"
"3256","LKA",0.860953817561209,"557"
"3257","TWN",0.124336094285551,"557"
"3258","TZA",0.903854807876524,"557"
"3259","TLS",0.112263997270478,"557"
"3260","VNM",0.286051852242624,"557"
"3261","SLV",0.118434023714659,"557"
"3262","KHM",0.0999582874503702,"557"
"3263","CHN",0.143234662542814,"557"
"3264","JPN",0.147528445912023,"557"
"3265","KOR",0.260017631695565,"557"
"3266","OMN",0.133554721234931,"557"
"3267","SGP",0.0921841201946126,"557"
"3268","SOM",0.743689399255608,"557"
"3269","TWN",0.114862543404293,"557"
"3270","THA",0.175533647037835,"557"
"3271","TLS",0.12333611658231,"557"
"3272","YEM",0.64781768206301,"557"
"3273","BGD",0.719839648898946,"557"
"3274","BRN",0.133065975421836,"557"
"3275","KHM",0.156253062487739,"557"
"3276","CHN",0.163072223313955,"557"
"3277","DJI",0.130769998212597,"557"
"3278","EGY",0.195064486900303,"557"
"3279","IND",0.602651589514447,"557"
"3280","IRN",0.385211572990423,"557"
"3281","IRQ",0.198235696314541,"557"
"3282","KWT",0.727483223928689,"557"
"3283","MDG",0.890378283721036,"557"
"3284","MMR",0.671516781124282,"557"
"3285","SGP",0.115983671688092,"557"
"3286","SOM",0.747798175655172,"557"
"3287","LKA",0.846650825621164,"557"
"3288","TWN",0.122217747544156,"557"
"3289","TZA",0.893069856438461,"557"
"3290","TLS",0.762967211829695,"557"
"3291","VNM",0.310771492711071,"557"
"3292","YEM",0.658820258371302,"557"
"3293","SLB",0.759821755745643,"557"
"3294","BRA",0.849771286308681,"557"
"3295","COL",0.899692156340802,"557"
"3296","CRI",0.647065335828021,"557"
"3297","DOM",0.26372842865274,"557"
"3298","GUF",0.738276238685428,"557"
"3299","GIN",0.109595672638261,"557"
"3300","GUY",0.214892194638558,"557"
"3301","HTI",0.142486113290895,"557"
"3302","PAN",0.875669835827311,"557"
"3303","SUR",0.778596596542972,"557"
"3304","VEN",0.354204348308027,"557"
"3305","BHS",0.748158555727582,"566"
"3306","CUB",0.917045019130872,"566"
"3307","DOM",0.279475406399408,"566"
"3308","HTI",0.16700366345031,"566"
"3309","JAM",0.0415396158228724,"566"
"3310","MEX",0.831778273708587,"566"
"3311","BRN",0.0505629268194426,"566"
"3312","CHN",0.167723113494039,"566"
"3313","KEN",0.395127259316315,"566"
"3314","MMR",0.535407022389941,"566"
"3315","LKA",0.838963458236064,"566"
"3316","TWN",0.141355391001568,"566"
"3317","TZA",0.897210006023122,"566"
"3318","TLS",0.118302594826321,"566"
"3319","VNM",0.302148410546017,"566"
"3320","SLV",0.14903083923991,"566"
"3321","KHM",0.110971067377804,"566"
"3322","CHN",0.171881956370013,"566"
"3323","JPN",0.16833955241419,"566"
"3324","KOR",0.281306991216816,"566"
"3325","OMN",0.151249687493695,"566"
"3326","SGP",0.1096454981401,"566"
"3327","SOM",0.711541018324342,"566"
"3328","TWN",0.133736540526255,"566"
"3329","THA",0.193765339433915,"566"
"3330","TLS",0.13183256222936,"566"
"3331","YEM",0.606810403721103,"566"
"3332","BGD",0.718475594765572,"566"
"3333","BRN",0.145220591652663,"566"
"3334","KHM",0.157500962959289,"566"
"3335","CHN",0.195515562199287,"566"
"3336","DJI",0.130557483066,"566"
"3337","EGY",0.268128221447939,"566"
"3338","IND",0.599853590715536,"566"
"3339","IRN",0.41122291454961,"566"
"3340","IRQ",0.177886753005687,"566"
"3341","KWT",0.685945302623286,"566"
"3342","MDG",0.868221287551178,"566"
"3343","MMR",0.631744422927913,"566"
"3344","SGP",0.136409418319973,"566"
"3345","SOM",0.727169755593997,"566"
"3346","LKA",0.819639391514919,"566"
"3347","TWN",0.137863605505304,"566"
"3348","TZA",0.88646903348367,"566"
"3349","TLS",0.744697565882969,"566"
"3350","VNM",0.338710664545161,"566"
"3351","YEM",0.622440742569538,"566"
"3352","SLB",0.751216931062136,"566"
"3353","BRA",0.835275708831091,"566"
"3354","COL",0.88487860641984,"566"
"3355","CRI",0.621546865045624,"566"
"3356","DOM",0.304800944826922,"566"
"3357","GUF",0.700327811187076,"566"
"3358","GIN",0.135396518063465,"566"
"3359","GUY",0.24581106536895,"566"
"3360","HTI",0.162440622953003,"566"
"3361","PAN",0.860347987667378,"566"
"3362","SUR",0.737798684847068,"566"
"3363","VEN",0.33629748329936,"566"
"3364","BHS",0.721065237026993,"577"
"3365","CUB",0.878900769509325,"577"
"3366","DOM",0.299027704253141,"577"
"3367","HTI",0.197612081406425,"577"
"3368","JAM",0.0697020783613438,"577"
"3369","MEX",0.780614231258598,"577"
"3370","BRN",0.0831427521714421,"577"
"3371","CHN",0.195750079888172,"577"
"3372","KEN",0.364204708730759,"577"
"3373","MMR",0.512958888118795,"577"
"3374","LKA",0.783336706280971,"577"
"3375","TWN",0.171448060186424,"577"
"3376","TZA",0.856915133425521,"577"
"3377","TLS",0.17205183383118,"577"
"3378","VNM",0.325254838088231,"577"
"3379","SLV",0.193098258545015,"577"
"3380","KHM",0.125961339338449,"577"
"3381","CHN",0.196203750857234,"577"
"3382","JPN",0.194483871371668,"577"
"3383","KOR",0.288753927568502,"577"
"3384","OMN",0.148137203871266,"577"
"3385","SGP",0.144991968211391,"577"
"3386","SOM",0.662762310223051,"577"
"3387","TWN",0.159756028973142,"577"
"3388","THA",0.2207839911326,"577"
"3389","TLS",0.185585790811134,"577"
"3390","YEM",0.576964520746674,"577"
"3391","BGD",0.663323704910888,"577"
"3392","BRN",0.218044646457642,"577"
"3393","KHM",0.166325306634699,"577"
"3394","CHN",0.217777085212828,"577"
"3395","DJI",0.167985208748026,"577"
"3396","EGY",0.284285592778307,"577"
"3397","IND",0.563265505769591,"577"
"3398","IRN",0.381355279672609,"577"
"3399","IRQ",0.196941480636066,"577"
"3400","KWT",0.624750127982659,"577"
"3401","MDG",0.828211860184844,"577"
"3402","MMR",0.61275552122385,"577"
"3403","SGP",0.163156185026626,"577"
"3404","SOM",0.669552294005441,"577"
"3405","LKA",0.762022149514598,"577"
"3406","TWN",0.167344651539966,"577"
"3407","TZA",0.844695592363705,"577"
"3408","TLS",0.704455046142336,"577"
"3409","VNM",0.343364959910327,"577"
"3410","YEM",0.588536975735815,"577"
"3411","SLB",0.755884581012103,"577"
"3412","BRA",0.791852346876171,"577"
"3413","COL",0.847034851769002,"577"
"3414","CRI",0.532488191607542,"577"
"3415","DOM",0.314491358867953,"577"
"3416","GUF",0.679847794859413,"577"
"3417","GIN",0.15945421926542,"577"
"3418","GUY",0.257823527619022,"577"
"3419","HTI",0.191791640294182,"577"
"3420","PAN",0.82732383876404,"577"
"3421","SUR",0.689309913233804,"577"
"3422","VEN",0.401312170531484,"577"
"3423","BHS",0.751112833042348,"585"
"3424","CUB",0.898893250025384,"585"
"3425","DOM",0.284700983609777,"585"
"3426","HTI",0.186711216940788,"585"
"3427","JAM",0.0642417550160136,"585"
"3428","MEX",0.818446185691459,"585"
"3429","BRN",0.0820664936466909,"585"
"3430","CHN",0.20417045045245,"585"
"3431","KEN",0.389978458991219,"585"
"3432","MMR",0.533491661468266,"585"
"3433","LKA",0.793073917392085,"585"
"3434","TWN",0.153593956300866,"585"
"3435","TZA",0.864826926181914,"585"
"3436","TLS",0.151408943994472,"585"
"3437","VNM",0.305507759719336,"585"
"3438","SLV",0.192678705412387,"585"
"3439","KHM",0.117243637768851,"585"
"3440","CHN",0.204049138824226,"585"
"3441","JPN",0.185285980884319,"585"
"3442","KOR",0.274662817850737,"585"
"3443","OMN",0.150035971743069,"585"
"3444","SGP",0.135504121423518,"585"
"3445","SOM",0.66463466555011,"585"
"3446","TWN",0.141817975908073,"585"
"3447","THA",0.21123123946403,"585"
"3448","TLS",0.169371588543399,"585"
"3449","YEM",0.588157334130487,"585"
"3450","BGD",0.701018707557256,"585"
"3451","BRN",0.199535843135841,"585"
"3452","KHM",0.176106090232756,"585"
"3453","CHN",0.223644024066884,"585"
"3454","DJI",0.146672655570854,"585"
"3455","EGY",0.27722620759378,"585"
"3456","IND",0.578541628225892,"585"
"3457","IRN",0.360894461405634,"585"
"3458","IRQ",0.172292251116316,"585"
"3459","KWT",0.635704790897923,"585"
"3460","MDG",0.854105218001844,"585"
"3461","MMR",0.606701220846844,"585"
"3462","SGP",0.152827290512182,"585"
"3463","SOM",0.67331896928863,"585"
"3464","LKA",0.779185421561501,"585"
"3465","TWN",0.151354936310667,"585"
"3466","TZA",0.847935048176953,"585"
"3467","TLS",0.716035780728296,"585"
"3468","VNM",0.335577419749065,"585"
"3469","YEM",0.608827158282862,"585"
"3470","SLB",0.739253467311264,"585"
"3471","BRA",0.823016957617756,"585"
"3472","COL",0.861219123257369,"585"
"3473","CRI",0.557168844110814,"585"
"3474","DOM",0.30731430321327,"585"
"3475","GUF",0.672889145642735,"585"
"3476","GIN",0.152138237926376,"585"
"3477","GUY",0.290084406575452,"585"
"3478","HTI",0.171301850704293,"585"
"3479","PAN",0.833788168630916,"585"
"3480","SUR",0.722353289814339,"585"
"3481","VEN",0.378843379232188,"585"
"3482","BHS",0.716250253550498,"595"
"3483","CUB",0.907380378690126,"595"
"3484","DOM",0.304501070792679,"595"
"3485","HTI",0.179165371972483,"595"
"3486","JAM",0.0565774449904319,"595"
"3487","MEX",0.814118695356218,"595"
"3488","BRN",0.0622203240631068,"595"
"3489","CHN",0.200088284933441,"595"
"3490","KEN",0.422594607500584,"595"
"3491","MMR",0.537062410559862,"595"
"3492","LKA",0.828136217533399,"595"
"3493","TWN",0.142172821956524,"595"
"3494","TZA",0.88442498822823,"595"
"3495","TLS",0.146859660569928,"595"
"3496","VNM",0.333268819642238,"595"
"3497","SLV",0.163782225995213,"595"
"3498","KHM",0.10761398572014,"595"
"3499","CHN",0.198316347532991,"595"
"3500","JPN",0.160765833719845,"595"
"3501","KOR",0.272014557961136,"595"
"3502","OMN",0.156861154934009,"595"
"3503","SGP",0.115858174731367,"595"
"3504","SOM",0.68744396775787,"595"
"3505","TWN",0.130622871685507,"595"
"3506","THA",0.203807986641908,"595"
"3507","TLS",0.165541944657429,"595"
"3508","YEM",0.59613106774396,"595"
"3509","BGD",0.712511183816621,"595"
"3510","BRN",0.172142504651342,"595"
"3511","KHM",0.148611853721932,"595"
"3512","CHN",0.214529075471908,"595"
"3513","DJI",0.136846580581023,"595"
"3514","EGY",0.282902009144297,"595"
"3515","IND",0.573682357096378,"595"
"3516","IRN",0.368765950170604,"595"
"3517","IRQ",0.186665578781727,"595"
"3518","KWT",0.688846048841547,"595"
"3519","MDG",0.865870549687164,"595"
"3520","MMR",0.631326843958039,"595"
"3521","SGP",0.130890229077542,"595"
"3522","SOM",0.702611138430196,"595"
"3523","LKA",0.807355560706791,"595"
"3524","TWN",0.135540481313015,"595"
"3525","TZA",0.876641655415211,"595"
"3526","TLS",0.738389636937032,"595"
"3527","VNM",0.354715160668891,"595"
"3528","YEM",0.61060601798199,"595"
"3529","SLB",0.742847374186433,"595"
"3530","BRA",0.831527963863544,"595"
"3531","COL",0.880125238357878,"595"
"3532","CRI",0.590886834413531,"595"
"3533","DOM",0.331836007875913,"595"
"3534","GUF",0.721567244582029,"595"
"3535","GIN",0.134933126546791,"595"
"3536","GUY",0.23963886844534,"595"
"3537","HTI",0.173685735131794,"595"
"3538","PAN",0.847335718769113,"595"
"3539","SUR",0.750852577220357,"595"
"3540","VEN",0.367139350276028,"595"
"3541","BHS",0.728453597367603,"605"
"3542","CUB",0.878883627148583,"605"
"3543","DOM",0.29535254082888,"605"
"3544","HTI",0.183484772993121,"605"
"3545","JAM",0.0679305897831261,"605"
"3546","MEX",0.785193287018428,"605"
"3547","BRN",0.0761590888467422,"605"
"3548","CHN",0.215923930887381,"605"
"3549","KEN",0.374976110016793,"605"
"3550","MMR",0.512742222631141,"605"
"3551","LKA",0.767702009584908,"605"
"3552","TWN",0.17346172518022,"605"
"3553","TZA",0.865946946871788,"605"
"3554","TLS",0.157722487015906,"605"
"3555","VNM",0.338984180280296,"605"
"3556","SLV",0.186172246070828,"605"
"3557","KHM",0.136047543069197,"605"
"3558","CHN",0.216843185570931,"605"
"3559","JPN",0.202389108270555,"605"
"3560","KOR",0.276281645430567,"605"
"3561","OMN",0.161064314555316,"605"
"3562","SGP",0.153139177815798,"605"
"3563","SOM",0.662414814902499,"605"
"3564","TWN",0.169573000984706,"605"
"3565","THA",0.220091188058069,"605"
"3566","TLS",0.171580105658935,"605"
"3567","YEM",0.558652253371761,"605"
"3568","BGD",0.653951717385771,"605"
"3569","BRN",0.199848067867254,"605"
"3570","KHM",0.183663477334405,"605"
"3571","CHN",0.226435550839511,"605"
"3572","DJI",0.144848818947106,"605"
"3573","EGY",0.331576288111084,"605"
"3574","IND",0.548885879066887,"605"
"3575","IRN",0.396660898674916,"605"
"3576","IRQ",0.169922270403666,"605"
"3577","KWT",0.617909880212818,"605"
"3578","MDG",0.852337494413801,"605"
"3579","MMR",0.590219301593575,"605"
"3580","SGP",0.171966611472662,"605"
"3581","SOM",0.667716029629035,"605"
"3582","LKA",0.744715722816918,"605"
"3583","TWN",0.160748087798665,"605"
"3584","TZA",0.855208192212019,"605"
"3585","TLS",0.703619520281739,"605"
"3586","VNM",0.350328851533436,"605"
"3587","YEM",0.56876505172779,"605"
"3588","SLB",0.733895040154431,"605"
"3589","BRA",0.797361035786471,"605"
"3590","COL",0.859793140829769,"605"
"3591","CRI",0.534244362166785,"605"
"3592","DOM",0.321656644177318,"605"
"3593","GUF",0.694826797080378,"605"
"3594","GIN",0.171709619163621,"605"
"3595","GUY",0.318657329029954,"605"
"3596","HTI",0.177138152796482,"605"
"3597","PAN",0.816664779495945,"605"
"3598","SUR",0.718346622619537,"605"
"3599","VEN",0.354054164832434,"605"
"3600","BHS",0.808049315072191,"616"
"3601","CUB",0.935318156424032,"616"
"3602","DOM",0.262913578794976,"616"
"3603","HTI",0.165134414434342,"616"
"3604","JAM",0.0411443602148557,"616"
"3605","MEX",0.84366347989437,"616"
"3606","BRN",0.0498408909685989,"616"
"3607","CHN",0.161479977189639,"616"
"3608","KEN",0.423964074458238,"616"
"3609","MMR",0.505314150887155,"616"
"3610","LKA",0.879846845942592,"616"
"3611","TWN",0.132420925256771,"616"
"3612","TZA",0.912528119836364,"616"
"3613","TLS",0.113681313023683,"616"
"3614","VNM",0.291206033509888,"616"
"3615","SLV",0.110740288581901,"616"
"3616","KHM",0.0911907031834356,"616"
"3617","CHN",0.163451329458371,"616"
"3618","JPN",0.153604283428314,"616"
"3619","KOR",0.270878543880996,"616"
"3620","OMN",0.160770381478699,"616"
"3621","SGP",0.0913341150113375,"616"
"3622","SOM",0.730266018202882,"616"
"3623","TWN",0.12368943546946,"616"
"3624","THA",0.18616646530192,"616"
"3625","TLS",0.130894793139593,"616"
"3626","YEM",0.660972344872328,"616"
"3627","BGD",0.721863921920065,"616"
"3628","BRN",0.143327760926283,"616"
"3629","KHM",0.129441948190694,"616"
"3630","CHN",0.17781758155444,"616"
"3631","DJI",0.140340405434375,"616"
"3632","EGY",0.213740341859299,"616"
"3633","IND",0.601418763649252,"616"
"3634","IRN",0.366921952112993,"616"
"3635","IRQ",0.181733920238723,"616"
"3636","KWT",0.703760954604042,"616"
"3637","MDG",0.894843678494733,"616"
"3638","MMR",0.638270926132267,"616"
"3639","SGP",0.108130993890089,"616"
"3640","SOM",0.737576982829722,"616"
"3641","LKA",0.859413783857985,"616"
"3642","TWN",0.115589643812702,"616"
"3643","TZA",0.894147287423215,"616"
"3644","TLS",0.777934593077358,"616"
"3645","VNM",0.314876644881788,"616"
"3646","YEM",0.655874452326711,"616"
"3647","SLB",0.78636008214856,"616"
"3648","BRA",0.863866407451904,"616"
"3649","COL",0.912408093674465,"616"
"3650","CRI",0.643121962507814,"616"
"3651","DOM",0.273604273231346,"616"
"3652","GUF",0.725218605612659,"616"
"3653","GIN",0.107513531682169,"616"
"3654","GUY",0.221996274470445,"616"
"3655","HTI",0.145189067379101,"616"
"3656","PAN",0.879285271491723,"616"
"3657","SUR",0.789595219440547,"616"
"3658","VEN",0.3318723131982,"616"
"3659","BHS",0.734716220271385,"626"
"3660","CUB",0.891991789263999,"626"
"3661","DOM",0.32356915174809,"626"
"3662","HTI",0.1889651837901,"626"
"3663","JAM",0.0580389379264882,"626"
"3664","MEX",0.787254879214888,"626"
"3665","BRN",0.0775636167013948,"626"
"3666","CHN",0.181847852826112,"626"
"3667","KEN",0.429729357890277,"626"
"3668","MMR",0.530328852895894,"626"
"3669","LKA",0.808422992233239,"626"
"3670","TWN",0.156063047092212,"626"
"3671","TZA",0.879870342898602,"626"
"3672","TLS",0.158326758581754,"626"
"3673","VNM",0.309841519481925,"626"
"3674","SLV",0.173425887124924,"626"
"3675","KHM",0.120867501996495,"626"
"3676","CHN",0.180544220392287,"626"
"3677","JPN",0.184426025069792,"626"
"3678","KOR",0.272902832312724,"626"
"3679","OMN",0.167366804684843,"626"
"3680","SGP",0.125305646486785,"626"
"3681","SOM",0.651186257319958,"626"
"3682","TWN",0.146400736171132,"626"
"3683","THA",0.196601949086994,"626"
"3684","TLS",0.180915950303051,"626"
"3685","YEM",0.594523650438861,"626"
"3686","BGD",0.692232106934232,"626"
"3687","BRN",0.204247349855702,"626"
"3688","KHM",0.173524543493965,"626"
"3689","CHN",0.196528302790386,"626"
"3690","DJI",0.150677902840921,"626"
"3691","EGY",0.295699596580926,"626"
"3692","IND",0.556699775391084,"626"
"3693","IRN",0.367135358488065,"626"
"3694","IRQ",0.190430597459424,"626"
"3695","KWT",0.651995013256252,"626"
"3696","MDG",0.876960736140482,"626"
"3697","MMR",0.623770660330097,"626"
"3698","SGP",0.145048533469432,"626"
"3699","SOM",0.662354884800285,"626"
"3700","LKA",0.786650470559192,"626"
"3701","TWN",0.155190063142262,"626"
"3702","TZA",0.870258645964552,"626"
"3703","TLS",0.723240733194763,"626"
"3704","VNM",0.332574468454959,"626"
"3705","YEM",0.605352416870007,"626"
"3706","SLB",0.729194696353824,"626"
"3707","BRA",0.799107625820214,"626"
"3708","COL",0.865419242556713,"626"
"3709","CRI",0.53047116830311,"626"
"3710","DOM",0.345198132135822,"626"
"3711","GUF",0.678908929820184,"626"
"3712","GIN",0.163138482913366,"626"
"3713","GUY",0.270633315797577,"626"
"3714","HTI",0.172621535275612,"626"
"3715","PAN",0.814301821764976,"626"
"3716","SUR",0.717748712054705,"626"
"3717","VEN",0.327211767491341,"626"
"3718","BHS",0.708674214242218,"635"
"3719","CUB",0.843768198093121,"635"
"3720","DOM",0.304502883316732,"635"
"3721","HTI",0.225212739508221,"635"
"3722","JAM",0.0939397925720667,"635"
"3723","MEX",0.741116415062577,"635"
"3724","BRN",0.0972693352676726,"635"
"3725","CHN",0.240932010607599,"635"
"3726","KEN",0.380625638176443,"635"
"3727","MMR",0.515500039972464,"635"
"3728","LKA",0.724548151212794,"635"
"3729","TWN",0.210342240612529,"635"
"3730","TZA",0.809488935469445,"635"
"3731","TLS",0.187360011039823,"635"
"3732","VNM",0.357932357188798,"635"
"3733","SLV",0.196001187581629,"635"
"3734","KHM",0.169859547014139,"635"
"3735","CHN",0.241204779411401,"635"
"3736","JPN",0.240150069677122,"635"
"3737","KOR",0.313301246446959,"635"
"3738","OMN",0.158319316576795,"635"
"3739","SGP",0.183638107687645,"635"
"3740","SOM",0.650470864997199,"635"
"3741","TWN",0.202682309532844,"635"
"3742","THA",0.236809145012075,"635"
"3743","TLS",0.196756953288614,"635"
"3744","YEM",0.563647946792123,"635"
"3745","BGD",0.601988494723165,"635"
"3746","BRN",0.219564299154205,"635"
"3747","KHM",0.22686871054039,"635"
"3748","CHN",0.251351043008447,"635"
"3749","DJI",0.174805527832603,"635"
"3750","EGY",0.363272446245052,"635"
"3751","IND",0.526067456855931,"635"
"3752","IRN",0.381086286108125,"635"
"3753","IRQ",0.203132823882592,"635"
"3754","KWT",0.596648120387795,"635"
"3755","MDG",0.807660784987708,"635"
"3756","MMR",0.597071947969942,"635"
"3757","SGP",0.194569945187388,"635"
"3758","SOM",0.645407452259269,"635"
"3759","LKA",0.703698603114061,"635"
"3760","TWN",0.201218807211641,"635"
"3761","TZA",0.800278231373825,"635"
"3762","TLS",0.686230060782875,"635"
"3763","VNM",0.368511416099487,"635"
"3764","YEM",0.566924129147933,"635"
"3765","SLB",0.720537710940554,"635"
"3766","BRA",0.751538600277079,"635"
"3767","COL",0.813653970897126,"635"
"3768","CRI",0.473517004258301,"635"
"3769","DOM",0.313095479578437,"635"
"3770","GUF",0.673084770237571,"635"
"3771","GIN",0.207614265864606,"635"
"3772","GUY",0.328329670217665,"635"
"3773","HTI",0.218194341925088,"635"
"3774","PAN",0.755201943690514,"635"
"3775","SUR",0.696932154930831,"635"
"3776","VEN",0.406022587443014,"635"
"3777","BHS",0.738782829652229,"645"
"3778","CUB",0.909294209022925,"645"
"3779","DOM",0.293105213410374,"645"
"3780","HTI",0.202798257047405,"645"
"3781","JAM",0.0519883053731967,"645"
"3782","MEX",0.819545196294706,"645"
"3783","BRN",0.0642021588846569,"645"
"3784","CHN",0.200691952848869,"645"
"3785","KEN",0.448117953349503,"645"
"3786","MMR",0.519891408121548,"645"
"3787","LKA",0.831942644245818,"645"
"3788","TWN",0.161486008333982,"645"
"3789","TZA",0.879902177768639,"645"
"3790","TLS",0.134017086584774,"645"
"3791","VNM",0.335072404455164,"645"
"3792","SLV",0.154777667770748,"645"
"3793","KHM",0.109032210296187,"645"
"3794","CHN",0.200049107552012,"645"
"3795","JPN",0.181625494541586,"645"
"3796","KOR",0.291631152820447,"645"
"3797","OMN",0.149219217990592,"645"
"3798","SGP",0.121361213320548,"645"
"3799","SOM",0.696130709164321,"645"
"3800","TWN",0.149686368974939,"645"
"3801","THA",0.211408118915892,"645"
"3802","TLS",0.144244894132895,"645"
"3803","YEM",0.610019216692629,"645"
"3804","BGD",0.701836070158338,"645"
"3805","BRN",0.173152342459733,"645"
"3806","KHM",0.151228943686295,"645"
"3807","CHN",0.221067425392684,"645"
"3808","DJI",0.14067306570675,"645"
"3809","EGY",0.30446700471514,"645"
"3810","IND",0.575264790198908,"645"
"3811","IRN",0.37940141645199,"645"
"3812","IRQ",0.186910145968508,"645"
"3813","KWT",0.669643055657251,"645"
"3814","MDG",0.866342646199257,"645"
"3815","MMR",0.620795585531217,"645"
"3816","SGP",0.143323180890849,"645"
"3817","SOM",0.709811038285385,"645"
"3818","LKA",0.814082000648463,"645"
"3819","TWN",0.156987536721217,"645"
"3820","TZA",0.867361211053337,"645"
"3821","TLS",0.730339685475716,"645"
"3822","VNM",0.364667414603231,"645"
"3823","YEM",0.627409138399597,"645"
"3824","SLB",0.742912082190984,"645"
"3825","BRA",0.822926526050062,"645"
"3826","COL",0.866573263451307,"645"
"3827","CRI",0.596319048664018,"645"
"3828","DOM",0.296485596507456,"645"
"3829","GUF",0.693805662226639,"645"
"3830","GIN",0.146136488039652,"645"
"3831","GUY",0.249614206521463,"645"
"3832","HTI",0.188864155455123,"645"
"3833","PAN",0.838973416025232,"645"
"3834","SUR",0.729077818046207,"645"
"3835","VEN",0.363091802004559,"645"
"3836","BHS",0.756214239918192,"653"
"3837","CUB",0.89535005989688,"653"
"3838","DOM",0.301898530128367,"653"
"3839","HTI",0.208903143449134,"653"
"3840","JAM",0.0627104398766547,"653"
"3841","MEX",0.775150472042467,"653"
"3842","BRN",0.0741101608595262,"653"
"3843","CHN",0.190390526864062,"653"
"3844","KEN",0.413143304303332,"653"
"3845","MMR",0.536315659025491,"653"
"3846","LKA",0.802230542617849,"653"
"3847","TWN",0.171780229132318,"653"
"3848","TZA",0.852292722277274,"653"
"3849","TLS",0.156542857337486,"653"
"3850","VNM",0.309795761304952,"653"
"3851","SLV",0.171667572210312,"653"
"3852","KHM",0.132251037060476,"653"
"3853","CHN",0.190919690419524,"653"
"3854","JPN",0.190653962829372,"653"
"3855","KOR",0.281895731314576,"653"
"3856","OMN",0.162476073320886,"653"
"3857","SGP",0.146757495537968,"653"
"3858","SOM",0.687337210324101,"653"
"3859","TWN",0.157850443546892,"653"
"3860","THA",0.204574079186706,"653"
"3861","TLS",0.170447311739111,"653"
"3862","YEM",0.622559442534291,"653"
"3863","BGD",0.682672141550191,"653"
"3864","BRN",0.186485655512952,"653"
"3865","KHM",0.187085828481499,"653"
"3866","CHN",0.207339524678202,"653"
"3867","DJI",0.155683053709288,"653"
"3868","EGY",0.278773538404093,"653"
"3869","IND",0.567500235154407,"653"
"3870","IRN",0.364384069680213,"653"
"3871","IRQ",0.188388615300604,"653"
"3872","KWT",0.640879224818106,"653"
"3873","MDG",0.852196124688662,"653"
"3874","MMR",0.623525369413822,"653"
"3875","SGP",0.164465081427187,"653"
"3876","SOM",0.693112576665419,"653"
"3877","LKA",0.788302180478082,"653"
"3878","TWN",0.163189323482581,"653"
"3879","TZA",0.841438832280422,"653"
"3880","TLS",0.713067666326514,"653"
"3881","VNM",0.337798006318081,"653"
"3882","YEM",0.63301338795443,"653"
"3883","SLB",0.732290597947154,"653"
"3884","BRA",0.793454449546446,"653"
"3885","COL",0.858382707008544,"653"
"3886","CRI",0.552368180500329,"653"
"3887","DOM",0.314369500919804,"653"
"3888","GUF",0.68132460161016,"653"
"3889","GIN",0.16967223248483,"653"
"3890","GUY",0.263340208257331,"653"
"3891","HTI",0.1929967384606,"653"
"3892","PAN",0.80718900859407,"653"
"3893","SUR",0.710482150240194,"653"
"3894","VEN",0.376398576797502,"653"
"3895","BHS",0.778409935336282,"663"
"3896","CUB",0.941994018819218,"663"
"3897","DOM",0.288417068094077,"663"
"3898","HTI",0.187210073640493,"663"
"3899","JAM",0.0332422113234751,"663"
"3900","MEX",0.866223582452526,"663"
"3901","BRN",0.0424557538423448,"663"
"3902","CHN",0.153551556239866,"663"
"3903","KEN",0.473073790321089,"663"
"3904","MMR",0.525381096005065,"663"
"3905","LKA",0.897661998627119,"663"
"3906","TWN",0.110486065697814,"663"
"3907","TZA",0.927167243448023,"663"
"3908","TLS",0.121671760216617,"663"
"3909","VNM",0.306709797761424,"663"
"3910","SLV",0.110855733827802,"663"
"3911","KHM",0.0929989712176746,"663"
"3912","CHN",0.154487183182809,"663"
"3913","JPN",0.133443165489223,"663"
"3914","KOR",0.252200389452124,"663"
"3915","OMN",0.161199005758652,"663"
"3916","SGP",0.0812784512479804,"663"
"3917","SOM",0.74703386833711,"663"
"3918","TWN",0.104526726658474,"663"
"3919","THA",0.171621508989847,"663"
"3920","TLS",0.135314323133464,"663"
"3921","YEM",0.675077030430292,"663"
"3922","BGD",0.757305735411644,"663"
"3923","BRN",0.137865613548329,"663"
"3924","KHM",0.144684430694111,"663"
"3925","CHN",0.17759822337877,"663"
"3926","DJI",0.131948434241792,"663"
"3927","EGY",0.214533484717917,"663"
"3928","IND",0.63344076646709,"663"
"3929","IRN",0.369886514172066,"663"
"3930","IRQ",0.183995680475017,"663"
"3931","KWT",0.69629482473164,"663"
"3932","MDG",0.907521690338795,"663"
"3933","MMR",0.67786589762332,"663"
"3934","SGP",0.102282479095298,"663"
"3935","SOM",0.766748178652554,"663"
"3936","LKA",0.881803444263708,"663"
"3937","TWN",0.106686828921433,"663"
"3938","TZA",0.913399066135363,"663"
"3939","TLS",0.790081450020665,"663"
"3940","VNM",0.336776304845233,"663"
"3941","YEM",0.693638657297608,"663"
"3942","SLB",0.785212035084802,"663"
"3943","BRA",0.85709168921218,"663"
"3944","COL",0.903541323924782,"663"
"3945","CRI",0.703679491605571,"663"
"3946","DOM",0.293052078110808,"663"
"3947","GUF",0.72865012850416,"663"
"3948","GIN",0.0991705465653049,"663"
"3949","GUY",0.205466578898824,"663"
"3950","HTI",0.172052096557592,"663"
"3951","PAN",0.897836777641186,"663"
"3952","SUR",0.782834835761094,"663"
"3953","VEN",0.353738086183737,"663"
"3954","BHS",0.760039057461553,"675"
"3955","CUB",0.920200541179849,"675"
"3956","DOM",0.290888820587137,"675"
"3957","HTI",0.183581611998186,"675"
"3958","JAM",0.0461608437302236,"675"
"3959","MEX",0.837756659077688,"675"
"3960","BRN",0.0554626987786697,"675"
"3961","CHN",0.174743766008697,"675"
"3962","KEN",0.373206806956874,"675"
"3963","MMR",0.529460238047559,"675"
"3964","LKA",0.851039790961915,"675"
"3965","TWN",0.13677018887913,"675"
"3966","TZA",0.906794013243915,"675"
"3967","TLS",0.114572986406312,"675"
"3968","VNM",0.31437035302105,"675"
"3969","SLV",0.142803178882613,"675"
"3970","KHM",0.11741154451614,"675"
"3971","CHN",0.174835402880544,"675"
"3972","JPN",0.171038531207887,"675"
"3973","KOR",0.293420255205203,"675"
"3974","OMN",0.15032000357772,"675"
"3975","SGP",0.110897287224614,"675"
"3976","SOM",0.708157487106591,"675"
"3977","TWN",0.130870292427344,"675"
"3978","THA",0.208936006142512,"675"
"3979","TLS",0.127756543924309,"675"
"3980","YEM",0.62829586787843,"675"
"3981","BGD",0.703831549408449,"675"
"3982","BRN",0.173387501810383,"675"
"3983","KHM",0.173528233582069,"675"
"3984","CHN",0.197345188452192,"675"
"3985","DJI",0.134000904967044,"675"
"3986","EGY",0.224096054980367,"675"
"3987","IND",0.576907707301632,"675"
"3988","IRN",0.390706794021159,"675"
"3989","IRQ",0.179520961266299,"675"
"3990","KWT",0.696176377094506,"675"
"3991","MDG",0.875750057993983,"675"
"3992","MMR",0.639286249381228,"675"
"3993","SGP",0.131485675963132,"675"
"3994","SOM",0.719131691969672,"675"
"3995","LKA",0.839593208154898,"675"
"3996","TWN",0.144777899325587,"675"
"3997","TZA",0.893360114510934,"675"
"3998","TLS",0.736611465977625,"675"
"3999","VNM",0.3318183801429,"675"
"4000","YEM",0.641695425001686,"675"
"4001","SLB",0.7560028911619,"675"
"4002","BRA",0.831010569583688,"675"
"4003","COL",0.880466153085932,"675"
"4004","CRI",0.607455302138393,"675"
"4005","DOM",0.30612489750749,"675"
"4006","GUF",0.711803550226394,"675"
"4007","GIN",0.129301814773485,"675"
"4008","GUY",0.225461324443242,"675"
"4009","HTI",0.175120574939648,"675"
"4010","PAN",0.865618553513369,"675"
"4011","SUR",0.744786015485617,"675"
"4012","VEN",0.376221707439517,"675"
"4013","BHS",0.734217190843818,"688"
"4014","CUB",0.906623543236245,"688"
"4015","DOM",0.263830060952131,"688"
"4016","HTI",0.166579365296253,"688"
"4017","JAM",0.0440107369808272,"688"
"4018","MEX",0.822323178754855,"688"
"4019","BRN",0.0541264505795295,"688"
"4020","CHN",0.171542697799694,"688"
"4021","KEN",0.399404074143528,"688"
"4022","MMR",0.527158847185576,"688"
"4023","LKA",0.838231646358983,"688"
"4024","TWN",0.138962324238973,"688"
"4025","TZA",0.891812611761491,"688"
"4026","TLS",0.134225888358013,"688"
"4027","VNM",0.327618350253607,"688"
"4028","SLV",0.143926189350941,"688"
"4029","KHM",0.10953156455426,"688"
"4030","CHN",0.174021264128089,"688"
"4031","JPN",0.167880447557447,"688"
"4032","KOR",0.268608699770801,"688"
"4033","OMN",0.173075663598218,"688"
"4034","SGP",0.11058468518708,"688"
"4035","SOM",0.708238457730966,"688"
"4036","TWN",0.12999677963682,"688"
"4037","THA",0.193103584323033,"688"
"4038","TLS",0.146748537413031,"688"
"4039","YEM",0.619433976563554,"688"
"4040","BGD",0.707684334731125,"688"
"4041","BRN",0.165512817772456,"688"
"4042","KHM",0.16891679143707,"688"
"4043","CHN",0.194442081974815,"688"
"4044","DJI",0.143657058214441,"688"
"4045","EGY",0.246146510595808,"688"
"4046","IND",0.593903224179456,"688"
"4047","IRN",0.418926909653113,"688"
"4048","IRQ",0.187520761458867,"688"
"4049","KWT",0.687707359241293,"688"
"4050","MDG",0.875033446821075,"688"
"4051","MMR",0.639652108613735,"688"
"4052","SGP",0.129410674636924,"688"
"4053","SOM",0.71333749908882,"688"
"4054","LKA",0.810397942316645,"688"
"4055","TWN",0.125141747415942,"688"
"4056","TZA",0.876616019872564,"688"
"4057","TLS",0.736634182306937,"688"
"4058","VNM",0.336493713593899,"688"
"4059","YEM",0.625365452435659,"688"
"4060","SLB",0.746068813856297,"688"
"4061","BRA",0.828709784454964,"688"
"4062","COL",0.862604434560717,"688"
"4063","CRI",0.633748908452778,"688"
"4064","DOM",0.27955848817203,"688"
"4065","GUF",0.704801698908963,"688"
"4066","GIN",0.131294232011341,"688"
"4067","GUY",0.23256657447185,"688"
"4068","HTI",0.156979050491731,"688"
"4069","PAN",0.859227636781889,"688"
"4070","SUR",0.737788015662935,"688"
"4071","VEN",0.358952147948391,"688"
"4072","BHS",0.718869463282052,"698"
"4073","CUB",0.879845006459441,"698"
"4074","DOM",0.27042162663718,"698"
"4075","HTI",0.191772383062725,"698"
"4076","JAM",0.0663239308449921,"698"
"4077","MEX",0.777831777031459,"698"
"4078","BRN",0.0831015156663692,"698"
"4079","CHN",0.214688860313809,"698"
"4080","KEN",0.361705230652702,"698"
"4081","MMR",0.506207158665286,"698"
"4082","LKA",0.772051075220283,"698"
"4083","TWN",0.18292898576394,"698"
"4084","TZA",0.862904809267299,"698"
"4085","TLS",0.156837455527399,"698"
"4086","VNM",0.338043883970462,"698"
"4087","SLV",0.174738146216854,"698"
"4088","KHM",0.137280222779967,"698"
"4089","CHN",0.215232537238723,"698"
"4090","JPN",0.224205561343284,"698"
"4091","KOR",0.320526419839012,"698"
"4092","OMN",0.146607305488688,"698"
"4093","SGP",0.12859594552274,"698"
"4094","SOM",0.679038186036607,"698"
"4095","TWN",0.170901423381412,"698"
"4096","THA",0.246353334719951,"698"
"4097","TLS",0.164600335770038,"698"
"4098","YEM",0.582590899156513,"698"
"4099","BGD",0.663745553111426,"698"
"4100","BRN",0.209397925765879,"698"
"4101","KHM",0.176388600268409,"698"
"4102","CHN",0.226668916913805,"698"
"4103","DJI",0.149979598775657,"698"
"4104","EGY",0.29633056365651,"698"
"4105","IND",0.561278301138383,"698"
"4106","IRN",0.364454773070741,"698"
"4107","IRQ",0.175119856729617,"698"
"4108","KWT",0.630208678945247,"698"
"4109","MDG",0.84078495683095,"698"
"4110","MMR",0.606814907396831,"698"
"4111","SGP",0.137803731740999,"698"
"4112","SOM",0.68125542702242,"698"
"4113","LKA",0.762101692018959,"698"
"4114","TWN",0.16958341355112,"698"
"4115","TZA",0.850921195755951,"698"
"4116","TLS",0.715216920203934,"698"
"4117","VNM",0.350002587785299,"698"
"4118","YEM",0.580700848256613,"698"
"4119","SLB",0.725675390954143,"698"
"4120","BRA",0.789436282140454,"698"
"4121","COL",0.850894914586383,"698"
"4122","CRI",0.484423380436691,"698"
"4123","DOM",0.275991785845879,"698"
"4124","GUF",0.70096468370373,"698"
"4125","GIN",0.186539124801816,"698"
"4126","GUY",0.338033233526032,"698"
"4127","HTI",0.180981624710682,"698"
"4128","PAN",0.80832876092263,"698"
"4129","SUR",0.715444583749591,"698"
"4130","VEN",0.360692519862286,"698"
"4131","BHS",0.761466273324464,"706"
"4132","CUB",0.898465776832154,"706"
"4133","DOM",0.272419459489005,"706"
"4134","HTI",0.181504982426228,"706"
"4135","JAM",0.0599289508233596,"706"
"4136","MEX",0.795296478077104,"706"
"4137","BRN",0.0764052306112373,"706"
"4138","CHN",0.187807398902746,"706"
"4139","KEN",0.38623893260169,"706"
"4140","MMR",0.53615640512277,"706"
"4141","LKA",0.811222196282949,"706"
"4142","TWN",0.170379339828022,"706"
"4143","TZA",0.884373397053795,"706"
"4144","TLS",0.144391647353097,"706"
"4145","VNM",0.326948194459904,"706"
"4146","SLV",0.170468594905186,"706"
"4147","KHM",0.121187474817094,"706"
"4148","CHN",0.188804409159503,"706"
"4149","JPN",0.202894249433994,"706"
"4150","KOR",0.293071640620696,"706"
"4151","OMN",0.15941872417813,"706"
"4152","SGP",0.116131746543119,"706"
"4153","SOM",0.697930558433555,"706"
"4154","TWN",0.159021996188121,"706"
"4155","THA",0.210376602680845,"706"
"4156","TLS",0.158804538274493,"706"
"4157","YEM",0.628960109740255,"706"
"4158","BGD",0.646276645457983,"706"
"4159","BRN",0.196103869055387,"706"
"4160","KHM",0.167103063761025,"706"
"4161","CHN",0.199599865802415,"706"
"4162","DJI",0.140480326753611,"706"
"4163","EGY",0.304841031525543,"706"
"4164","IND",0.547806516339043,"706"
"4165","IRN",0.360949602072751,"706"
"4166","IRQ",0.170284485882905,"706"
"4167","KWT",0.647789609817428,"706"
"4168","MDG",0.849309377929785,"706"
"4169","MMR",0.619466364745952,"706"
"4170","SGP",0.127795216845421,"706"
"4171","SOM",0.692034087432809,"706"
"4172","LKA",0.790472010999037,"706"
"4173","TWN",0.149879553670345,"706"
"4174","TZA",0.869024210516251,"706"
"4175","TLS",0.714548198431288,"706"
"4176","VNM",0.336467234174763,"706"
"4177","YEM",0.615531941312416,"706"
"4178","SLB",0.74662107164983,"706"
"4179","BRA",0.799893504241193,"706"
"4180","COL",0.867166105637999,"706"
"4181","CRI",0.548401828640135,"706"
"4182","DOM",0.286992778393035,"706"
"4183","GUF",0.691566927966103,"706"
"4184","GIN",0.141159049346509,"706"
"4185","GUY",0.280557818543816,"706"
"4186","HTI",0.172226736298392,"706"
"4187","PAN",0.848456175941943,"706"
"4188","SUR",0.756398507127125,"706"
"4189","VEN",0.377174941584875,"706"
"4190","BHS",0.729140971877929,"715"
"4191","CUB",0.854844108053274,"715"
"4192","DOM",0.304982921323813,"715"
"4193","HTI",0.19074641018697,"715"
"4194","JAM",0.0756122871257658,"715"
"4195","MEX",0.76291555694436,"715"
"4196","BRN",0.0911730649492742,"715"
"4197","CHN",0.219330984154261,"715"
"4198","KEN",0.369744720047808,"715"
"4199","MMR",0.498029212768377,"715"
"4200","LKA",0.738585369204291,"715"
"4201","TWN",0.183596172252834,"715"
"4202","TZA",0.842790652938718,"715"
"4203","TLS",0.173576301947363,"715"
"4204","VNM",0.340056373436326,"715"
"4205","SLV",0.190631234592697,"715"
"4206","KHM",0.138765378804918,"715"
"4207","CHN",0.218693228799189,"715"
"4208","JPN",0.22152023108864,"715"
"4209","KOR",0.294677292490411,"715"
"4210","OMN",0.16019267479113,"715"
"4211","SGP",0.160251198328519,"715"
"4212","SOM",0.633498830092437,"715"
"4213","TWN",0.174573072223777,"715"
"4214","THA",0.230373189311464,"715"
"4215","TLS",0.181207175619769,"715"
"4216","YEM",0.585651016890854,"715"
"4217","BGD",0.643131687727532,"715"
"4218","BRN",0.21056964837031,"715"
"4219","KHM",0.175912625644222,"715"
"4220","CHN",0.228937014459289,"715"
"4221","DJI",0.147563783969025,"715"
"4222","EGY",0.319038996666432,"715"
"4223","IND",0.538240050100216,"715"
"4224","IRN",0.369944167310833,"715"
"4225","IRQ",0.173399345514254,"715"
"4226","KWT",0.642865956827025,"715"
"4227","MDG",0.831684309215731,"715"
"4228","MMR",0.583375055781156,"715"
"4229","SGP",0.167535034575552,"715"
"4230","SOM",0.63563607396759,"715"
"4231","LKA",0.70881850261945,"715"
"4232","TWN",0.165575133592504,"715"
"4233","TZA",0.825109859507891,"715"
"4234","TLS",0.697327787019127,"715"
"4235","VNM",0.352583894554929,"715"
"4236","YEM",0.588314217082824,"715"
"4237","SLB",0.747232571911898,"715"
"4238","BRA",0.780557395163506,"715"
"4239","COL",0.843445392762008,"715"
"4240","CRI",0.511076125321375,"715"
"4241","DOM",0.314616122260981,"715"
"4242","GUF",0.677915542779347,"715"
"4243","GIN",0.196332024151035,"715"
"4244","GUY",0.313327411289474,"715"
"4245","HTI",0.188283289110756,"715"
"4246","PAN",0.812215769889552,"715"
"4247","SUR",0.687135957344872,"715"
"4248","VEN",0.367635659745834,"715"
"4249","BHS",0.728324203307156,"722"
"4250","CUB",0.882815946925595,"722"
"4251","DOM",0.254242581886949,"722"
"4252","HTI",0.175331212329712,"722"
"4253","JAM",0.0585470509290151,"722"
"4254","MEX",0.804766009077369,"722"
"4255","BRN",0.0728996465854084,"722"
"4256","CHN",0.201894491140573,"722"
"4257","KEN",0.412706414279354,"722"
"4258","MMR",0.478649792945754,"722"
"4259","LKA",0.804318314960707,"722"
"4260","TWN",0.16982459412872,"722"
"4261","TZA",0.881440589902317,"722"
"4262","TLS",0.14191387995778,"722"
"4263","VNM",0.33402429078995,"722"
"4264","SLV",0.159803099532696,"722"
"4265","KHM",0.118635845509842,"722"
"4266","CHN",0.20558461474499,"722"
"4267","JPN",0.193020815259809,"722"
"4268","KOR",0.30709675690304,"722"
"4269","OMN",0.166197466303388,"722"
"4270","SGP",0.142169935320026,"722"
"4271","SOM",0.679355540116438,"722"
"4272","TWN",0.161179038818148,"722"
"4273","THA",0.218471927070666,"722"
"4274","TLS",0.160503322762613,"722"
"4275","YEM",0.571397616992899,"722"
"4276","BGD",0.659071616232367,"722"
"4277","BRN",0.187058328403658,"722"
"4278","KHM",0.160438047573318,"722"
"4279","CHN",0.220167717165035,"722"
"4280","DJI",0.137474356996354,"722"
"4281","EGY",0.299968700168184,"722"
"4282","IND",0.537852964099685,"722"
"4283","IRN",0.382488889329112,"722"
"4284","IRQ",0.168298719886986,"722"
"4285","KWT",0.644721440917381,"722"
"4286","MDG",0.855348410091071,"722"
"4287","MMR",0.592247327087431,"722"
"4288","SGP",0.157962621352081,"722"
"4289","SOM",0.681602236222925,"722"
"4290","LKA",0.778266513322943,"722"
"4291","TWN",0.158216450321957,"722"
"4292","TZA",0.86284018801356,"722"
"4293","TLS",0.729919126323728,"722"
"4294","VNM",0.342722507545179,"722"
"4295","YEM",0.573386164510168,"722"
"4296","SLB",0.761233657229008,"722"
"4297","BRA",0.801442986230018,"722"
"4298","COL",0.868813702069249,"722"
"4299","CRI",0.548409651562751,"722"
"4300","DOM",0.276557402336561,"722"
"4301","GUF",0.693072608840572,"722"
"4302","GIN",0.171422354456923,"722"
"4303","GUY",0.255800794601512,"722"
"4304","HTI",0.165346680893311,"722"
"4305","PAN",0.834212256448097,"722"
"4306","SUR",0.753826517695753,"722"
"4307","VEN",0.373953665817593,"722"
"4308","BHS",0.727839716649789,"732"
"4309","CUB",0.862085396253565,"732"
"4310","DOM",0.31522360085335,"732"
"4311","HTI",0.221740357256308,"732"
"4312","JAM",0.0741605860488075,"732"
"4313","MEX",0.746731311392319,"732"
"4314","BRN",0.0889350031454806,"732"
"4315","CHN",0.219172770529339,"732"
"4316","KEN",0.365030253389687,"732"
"4317","MMR",0.489234200631774,"732"
"4318","LKA",0.746438536430043,"732"
"4319","TWN",0.188889552510528,"732"
"4320","TZA",0.849068471357099,"732"
"4321","TLS",0.177420291403033,"732"
"4322","VNM",0.351710945781039,"732"
"4323","SLV",0.213309445039101,"732"
"4324","KHM",0.152061721325112,"732"
"4325","CHN",0.221819770048982,"732"
"4326","JPN",0.232772941913828,"732"
"4327","KOR",0.319597504956142,"732"
"4328","OMN",0.167038487824167,"732"
"4329","SGP",0.172430347731647,"732"
"4330","SOM",0.651701103050587,"732"
"4331","TWN",0.183714793417396,"732"
"4332","THA",0.236491175569323,"732"
"4333","TLS",0.187126491251363,"732"
"4334","YEM",0.558021756178897,"732"
"4335","BGD",0.639996347989103,"732"
"4336","BRN",0.201061481235768,"732"
"4337","KHM",0.202179097609469,"732"
"4338","CHN",0.240070558791893,"732"
"4339","DJI",0.170117313995242,"732"
"4340","EGY",0.326705070433021,"732"
"4341","IND",0.530355000173948,"732"
"4342","IRN",0.397888647237879,"732"
"4343","IRQ",0.190628373535095,"732"
"4344","KWT",0.609262988944398,"732"
"4345","MDG",0.830478303823387,"732"
"4346","MMR",0.599050197502712,"732"
"4347","SGP",0.189614730436403,"732"
"4348","SOM",0.666161906145029,"732"
"4349","LKA",0.734632975103218,"732"
"4350","TWN",0.186357765646678,"732"
"4351","TZA",0.838203787316675,"732"
"4352","TLS",0.691419194220688,"732"
"4353","VNM",0.372727773728661,"732"
"4354","YEM",0.562300246868185,"732"
"4355","SLB",0.747433878787692,"732"
"4356","BRA",0.758534706872103,"732"
"4357","COL",0.8284607245571,"732"
"4358","CRI",0.495918228522328,"732"
"4359","DOM",0.307783653606,"732"
"4360","GUF",0.657465183030757,"732"
"4361","GIN",0.18705426344501,"732"
"4362","GUY",0.316507202112826,"732"
"4363","HTI",0.205500752446081,"732"
"4364","PAN",0.791707921845912,"732"
"4365","SUR",0.691853274248883,"732"
"4366","VEN",0.379178154024361,"732"
"4367","BHS",0.79457904973962,"741"
"4368","CUB",0.940095353386268,"741"
"4369","DOM",0.24166258389101,"741"
"4370","HTI",0.149990772534304,"741"
"4371","JAM",0.0309070986162081,"741"
"4372","MEX",0.84229878065826,"741"
"4373","BRN",0.0396364738394831,"741"
"4374","CHN",0.147607985047949,"741"
"4375","KEN",0.422450545141672,"741"
"4376","MMR",0.572849714343277,"741"
"4377","LKA",0.877186459745414,"741"
"4378","TWN",0.115892679439879,"741"
"4379","TZA",0.921608692817803,"741"
"4380","TLS",0.106655518133576,"741"
"4381","VNM",0.291487361896302,"741"
"4382","SLV",0.104673995531865,"741"
"4383","KHM",0.102137113163425,"741"
"4384","CHN",0.146442343853673,"741"
"4385","JPN",0.140063832405522,"741"
"4386","KOR",0.241696323795255,"741"
"4387","OMN",0.135274705949516,"741"
"4388","SGP",0.0793337705141953,"741"
"4389","SOM",0.784948794063545,"741"
"4390","TWN",0.106876129818845,"741"
"4391","THA",0.151912595872138,"741"
"4392","TLS",0.124443984806421,"741"
"4393","YEM",0.711779542738257,"741"
"4394","BGD",0.762735442589216,"741"
"4395","BRN",0.134685356630973,"741"
"4396","KHM",0.156804535742894,"741"
"4397","CHN",0.165754018485439,"741"
"4398","DJI",0.115223192744314,"741"
"4399","EGY",0.175101523182799,"741"
"4400","IND",0.623994475923937,"741"
"4401","IRN",0.360884098992615,"741"
"4402","IRQ",0.164520791849995,"741"
"4403","KWT",0.711665199274768,"741"
"4404","MDG",0.89971279476014,"741"
"4405","MMR",0.676887075929119,"741"
"4406","SGP",0.0978715010090729,"741"
"4407","SOM",0.791898957322679,"741"
"4408","LKA",0.867092905509697,"741"
"4409","TWN",0.110254836314778,"741"
"4410","TZA",0.912835793598825,"741"
"4411","TLS",0.796585138955079,"741"
"4412","VNM",0.322231341876494,"741"
"4413","YEM",0.723381504146162,"741"
"4414","SLB",0.786225144143798,"741"
"4415","BRA",0.857771111254586,"741"
"4416","COL",0.90421563006074,"741"
"4417","CRI",0.679920910600325,"741"
"4418","DOM",0.253202766242279,"741"
"4419","GUF",0.754482307501677,"741"
"4420","GIN",0.0988761509812502,"741"
"4421","GUY",0.21944562879848,"741"
"4422","HTI",0.139284833100943,"741"
"4423","PAN",0.873300942209526,"741"
"4424","SUR",0.789131354843034,"741"
"4425","VEN",0.351377785868208,"741"
"4426","BHS",0.709883248096641,"751"
"4427","CUB",0.891564165439254,"751"
"4428","DOM",0.307316952645811,"751"
"4429","HTI",0.206716290833476,"751"
"4430","JAM",0.0587952206301114,"751"
"4431","MEX",0.808705064608148,"751"
"4432","BRN",0.058100574209635,"751"
"4433","CHN",0.182845442434872,"751"
"4434","KEN",0.400477647846859,"751"
"4435","MMR",0.508791356501989,"751"
"4436","LKA",0.820103911761369,"751"
"4437","TWN",0.157338146271536,"751"
"4438","TZA",0.871545300966182,"751"
"4439","TLS",0.150771038744065,"751"
"4440","VNM",0.339266145408385,"751"
"4441","SLV",0.161151451367026,"751"
"4442","KHM",0.123977846439045,"751"
"4443","CHN",0.184391186794019,"751"
"4444","JPN",0.174457307074504,"751"
"4445","KOR",0.272449113207747,"751"
"4446","OMN",0.154817057794499,"751"
"4447","SGP",0.129520440317582,"751"
"4448","SOM",0.667666365841398,"751"
"4449","TWN",0.149452383051335,"751"
"4450","THA",0.219253987754373,"751"
"4451","TLS",0.166069254671104,"751"
"4452","YEM",0.616662170807494,"751"
"4453","BGD",0.664805135595289,"751"
"4454","BRN",0.138873555849214,"751"
"4455","KHM",0.179791451857523,"751"
"4456","CHN",0.197064890953484,"751"
"4457","DJI",0.153904972183661,"751"
"4458","EGY",0.324211830886653,"751"
"4459","IND",0.559503128243685,"751"
"4460","IRN",0.405120342551271,"751"
"4461","IRQ",0.181989409530216,"751"
"4462","KWT",0.651252143073322,"751"
"4463","MDG",0.855628779302833,"751"
"4464","MMR",0.619431550502397,"751"
"4465","SGP",0.150466663985196,"751"
"4466","SOM",0.669612368371977,"751"
"4467","LKA",0.798735783187808,"751"
"4468","TWN",0.151131971779998,"751"
"4469","TZA",0.856794629307589,"751"
"4470","TLS",0.73057662903245,"751"
"4471","VNM",0.364979170345865,"751"
"4472","YEM",0.624108933750426,"751"
"4473","SLB",0.743738611644451,"751"
"4474","BRA",0.790777626912721,"751"
"4475","COL",0.860489956026038,"751"
"4476","CRI",0.557808375057989,"751"
"4477","DOM",0.326555454717525,"751"
"4478","GUF",0.682926348850187,"751"
"4479","GIN",0.160962416572604,"751"
"4480","GUY",0.24769532709051,"751"
"4481","HTI",0.198369749308905,"751"
"4482","PAN",0.824223656267818,"751"
"4483","SUR",0.715067233612455,"751"
"4484","VEN",0.388706653231768,"751"
"4485","BHS",0.703206345417485,"763"
"4486","CUB",0.860622801957769,"763"
"4487","DOM",0.318445814033225,"763"
"4488","HTI",0.229358944013277,"763"
"4489","JAM",0.0776628507498084,"763"
"4490","MEX",0.776276826977428,"763"
"4491","BRN",0.0856091394040417,"763"
"4492","CHN",0.22825059853651,"763"
"4493","KEN",0.396215541468201,"763"
"4494","MMR",0.483510387842518,"763"
"4495","LKA",0.723850916706394,"763"
"4496","TWN",0.180975413024232,"763"
"4497","TZA",0.836767616835964,"763"
"4498","TLS",0.193007435360295,"763"
"4499","VNM",0.332961997637155,"763"
"4500","SLV",0.192738631548749,"763"
"4501","KHM",0.14894140180347,"763"
"4502","CHN",0.229769442168921,"763"
"4503","JPN",0.215241826204508,"763"
"4504","KOR",0.310897689108399,"763"
"4505","OMN",0.15544668408865,"763"
"4506","SGP",0.181597792682825,"763"
"4507","SOM",0.646308162837861,"763"
"4508","TWN",0.174034946614692,"763"
"4509","THA",0.250542365224489,"763"
"4510","TLS",0.200734994594726,"763"
"4511","YEM",0.582664172877514,"763"
"4512","BGD",0.651745326072615,"763"
"4513","BRN",0.194129136317549,"763"
"4514","KHM",0.188085765579052,"763"
"4515","CHN",0.236603162864995,"763"
"4516","DJI",0.185646596391423,"763"
"4517","EGY",0.325856564428759,"763"
"4518","IND",0.532387855236803,"763"
"4519","IRN",0.400164338956123,"763"
"4520","IRQ",0.198373008454287,"763"
"4521","KWT",0.566399404986187,"763"
"4522","MDG",0.819999894879497,"763"
"4523","MMR",0.572887414484426,"763"
"4524","SGP",0.187072487028716,"763"
"4525","SOM",0.643224971166528,"763"
"4526","LKA",0.703927374334864,"763"
"4527","TWN",0.173044695774685,"763"
"4528","TZA",0.827004787565627,"763"
"4529","TLS",0.670297857344955,"763"
"4530","VNM",0.34911730115733,"763"
"4531","YEM",0.581229447470048,"763"
"4532","SLB",0.74294603896981,"763"
"4533","BRA",0.788495293231982,"763"
"4534","COL",0.82320833819954,"763"
"4535","CRI",0.521469690655632,"763"
"4536","DOM",0.317351911803599,"763"
"4537","GUF",0.660260579953829,"763"
"4538","GIN",0.193605504787053,"763"
"4539","GUY",0.303276901172666,"763"
"4540","HTI",0.219097649728235,"763"
"4541","PAN",0.797569137576987,"763"
"4542","SUR",0.676348010227039,"763"
"4543","VEN",0.374295179000733,"763"
"4544","BHS",0.761790371896976,"771"
"4545","CUB",0.93267292156136,"771"
"4546","DOM",0.272453810506828,"771"
"4547","HTI",0.184736773356251,"771"
"4548","JAM",0.0342764753949148,"771"
"4549","MEX",0.83637118234842,"771"
"4550","BRN",0.046002343299437,"771"
"4551","CHN",0.157905470000239,"771"
"4552","KEN",0.445328327097631,"771"
"4553","MMR",0.543967219071199,"771"
"4554","LKA",0.863334691135668,"771"
"4555","TWN",0.143326899227418,"771"
"4556","TZA",0.91200388686289,"771"
"4557","TLS",0.122565419324311,"771"
"4558","VNM",0.286190320215431,"771"
"4559","SLV",0.131344072937697,"771"
"4560","KHM",0.0888703511864423,"771"
"4561","CHN",0.157819441085866,"771"
"4562","JPN",0.167637326685968,"771"
"4563","KOR",0.273438727462721,"771"
"4564","OMN",0.148633414392178,"771"
"4565","SGP",0.0948018684734934,"771"
"4566","SOM",0.753639823748096,"771"
"4567","TWN",0.125244095878699,"771"
"4568","THA",0.15815319216836,"771"
"4569","TLS",0.141901902867427,"771"
"4570","YEM",0.666631228143727,"771"
"4571","BGD",0.746583495422972,"771"
"4572","BRN",0.154651840868912,"771"
"4573","KHM",0.15198091880922,"771"
"4574","CHN",0.182013144049836,"771"
"4575","DJI",0.146340395991768,"771"
"4576","EGY",0.209868216091591,"771"
"4577","IND",0.622024470708427,"771"
"4578","IRN",0.369276129281397,"771"
"4579","IRQ",0.197595500682562,"771"
"4580","KWT",0.702110539948166,"771"
"4581","MDG",0.887577008202184,"771"
"4582","MMR",0.647383526055922,"771"
"4583","SGP",0.121601388972187,"771"
"4584","SOM",0.764359786297191,"771"
"4585","LKA",0.842717884924214,"771"
"4586","TWN",0.127581055816059,"771"
"4587","TZA",0.903198566227733,"771"
"4588","TLS",0.79383981395371,"771"
"4589","VNM",0.319711551889132,"771"
"4590","YEM",0.675257877537046,"771"
"4591","SLB",0.772101687766839,"771"
"4592","BRA",0.847718833904544,"771"
"4593","COL",0.90523567265795,"771"
"4594","CRI",0.638083169642401,"771"
"4595","DOM",0.277875436161176,"771"
"4596","GUF",0.765095158401824,"771"
"4597","GIN",0.120630033302667,"771"
"4598","GUY",0.196926237386887,"771"
"4599","HTI",0.165736570919146,"771"
"4600","PAN",0.858365034744234,"771"
"4601","SUR",0.768856337367193,"771"
"4602","VEN",0.347959801804501,"771"
"4603","BHS",0.738467277368574,"782"
"4604","CUB",0.875338797149812,"782"
"4605","DOM",0.24584233996565,"782"
"4606","HTI",0.19279236744606,"782"
"4607","JAM",0.0662513689801515,"782"
"4608","MEX",0.7845130876238,"782"
"4609","BRN",0.080569350168753,"782"
"4610","CHN",0.206099557648186,"782"
"4611","KEN",0.39510894891158,"782"
"4612","MMR",0.525194838393098,"782"
"4613","LKA",0.766046102237806,"782"
"4614","TWN",0.1614164409772,"782"
"4615","TZA",0.872445342820958,"782"
"4616","TLS",0.15369019182398,"782"
"4617","VNM",0.325810674706096,"782"
"4618","SLV",0.158362369101841,"782"
"4619","KHM",0.147558067184334,"782"
"4620","CHN",0.207047414780952,"782"
"4621","JPN",0.201988946909555,"782"
"4622","KOR",0.293659147490248,"782"
"4623","OMN",0.162358565303451,"782"
"4624","SGP",0.150032213367091,"782"
"4625","SOM",0.672296561152191,"782"
"4626","TWN",0.15566529046614,"782"
"4627","THA",0.219983615486971,"782"
"4628","TLS",0.168845090860095,"782"
"4629","YEM",0.593914782065447,"782"
"4630","BGD",0.666814535789599,"782"
"4631","BRN",0.201720617705653,"782"
"4632","KHM",0.190723800426994,"782"
"4633","CHN",0.217773331145872,"782"
"4634","DJI",0.143658945519028,"782"
"4635","EGY",0.308337735522276,"782"
"4636","IND",0.506616955915776,"782"
"4637","IRN",0.38282663244612,"782"
"4638","IRQ",0.172749359866087,"782"
"4639","KWT",0.636125060104443,"782"
"4640","MDG",0.825253176905161,"782"
"4641","MMR",0.618683900912485,"782"
"4642","SGP",0.160223021261981,"782"
"4643","SOM",0.670563682169218,"782"
"4644","LKA",0.749328115867531,"782"
"4645","TWN",0.157884430780834,"782"
"4646","TZA",0.851328576363696,"782"
"4647","TLS",0.711475434000987,"782"
"4648","VNM",0.338255134821267,"782"
"4649","YEM",0.596614023609631,"782"
"4650","SLB",0.7515438348538,"782"
"4651","BRA",0.785647767803734,"782"
"4652","COL",0.863393948856092,"782"
"4653","CRI",0.537631224795047,"782"
"4654","DOM",0.269518451216556,"782"
"4655","GUF",0.686242652191378,"782"
"4656","GIN",0.185596493998947,"782"
"4657","GUY",0.278314867382681,"782"
"4658","HTI",0.190679875994315,"782"
"4659","PAN",0.82695703274067,"782"
"4660","SUR",0.714107174233483,"782"
"4661","VEN",0.375401885335202,"782"
"4662","BHS",0.736932550149,"791"
"4663","CUB",0.877154964934586,"791"
"4664","DOM",0.312196966446177,"791"
"4665","HTI",0.21059127199575,"791"
"4666","JAM",0.0696700018292361,"791"
"4667","MEX",0.78540379246074,"791"
"4668","BRN",0.078987149701523,"791"
"4669","CHN",0.213914034562668,"791"
"4670","KEN",0.39078326275274,"791"
"4671","MMR",0.512496805240456,"791"
"4672","LKA",0.77364943855758,"791"
"4673","TWN",0.165774706111754,"791"
"4674","TZA",0.860163830368719,"791"
"4675","TLS",0.153119826232998,"791"
"4676","VNM",0.343036982015654,"791"
"4677","SLV",0.191793417134225,"791"
"4678","KHM",0.147065810638515,"791"
"4679","CHN",0.215128647544667,"791"
"4680","JPN",0.208118171442471,"791"
"4681","KOR",0.301816473301449,"791"
"4682","OMN",0.155042248267886,"791"
"4683","SGP",0.145201998387189,"791"
"4684","SOM",0.668016736663363,"791"
"4685","TWN",0.166800636850646,"791"
"4686","THA",0.23542074331384,"791"
"4687","TLS",0.165390744993579,"791"
"4688","YEM",0.55956810695051,"791"
"4689","BGD",0.675287327979517,"791"
"4690","BRN",0.187036623883176,"791"
"4691","KHM",0.192552069782555,"791"
"4692","CHN",0.226970143032316,"791"
"4693","DJI",0.148311351035851,"791"
"4694","EGY",0.314943129105322,"791"
"4695","IND",0.56900796602921,"791"
"4696","IRN",0.360793782739432,"791"
"4697","IRQ",0.193522660132633,"791"
"4698","KWT",0.62752771935935,"791"
"4699","MDG",0.851254713968565,"791"
"4700","MMR",0.604571411063002,"791"
"4701","SGP",0.158382469510963,"791"
"4702","SOM",0.670592240744858,"791"
"4703","LKA",0.752901497622281,"791"
"4704","TWN",0.16439113818067,"791"
"4705","TZA",0.847138926423668,"791"
"4706","TLS",0.698174692115519,"791"
"4707","VNM",0.353459799121519,"791"
"4708","YEM",0.567062355736285,"791"
"4709","SLB",0.743418939127937,"791"
"4710","BRA",0.791366759593856,"791"
"4711","COL",0.852510099487167,"791"
"4712","CRI",0.516271656005737,"791"
"4713","DOM",0.310131372045467,"791"
"4714","GUF",0.68595459014327,"791"
"4715","GIN",0.169022733263192,"791"
"4716","GUY",0.28927401260671,"791"
"4717","HTI",0.198245348310292,"791"
"4718","PAN",0.808190051638813,"791"
"4719","SUR",0.720796338733518,"791"
"4720","VEN",0.345892972760766,"791"
"4721","BHS",0.736654260288912,"801"
"4722","CUB",0.894837093176085,"801"
"4723","DOM",0.303466518470803,"801"
"4724","HTI",0.194022272616061,"801"
"4725","JAM",0.0564620857536798,"801"
"4726","MEX",0.822207744703189,"801"
"4727","BRN",0.0703221051584146,"801"
"4728","CHN",0.201080777250172,"801"
"4729","KEN",0.396986096100167,"801"
"4730","MMR",0.50273501430016,"801"
"4731","LKA",0.805659391311972,"801"
"4732","TWN",0.156219616742483,"801"
"4733","TZA",0.880811169537222,"801"
"4734","TLS",0.161838777480487,"801"
"4735","VNM",0.332934088086887,"801"
"4736","SLV",0.174524680696156,"801"
"4737","KHM",0.128605576609621,"801"
"4738","CHN",0.201922733181263,"801"
"4739","JPN",0.178021359535283,"801"
"4740","KOR",0.291525097477455,"801"
"4741","OMN",0.155091864953704,"801"
"4742","SGP",0.141266071285607,"801"
"4743","SOM",0.667852268113353,"801"
"4744","TWN",0.149145135274926,"801"
"4745","THA",0.217707573989619,"801"
"4746","TLS",0.181163164749126,"801"
"4747","YEM",0.590702535296367,"801"
"4748","BGD",0.677185914207684,"801"
"4749","BRN",0.186189695048126,"801"
"4750","KHM",0.170832738462429,"801"
"4751","CHN",0.21950970602148,"801"
"4752","DJI",0.15627515058423,"801"
"4753","EGY",0.280323682736323,"801"
"4754","IND",0.571359680212997,"801"
"4755","IRN",0.418070862508542,"801"
"4756","IRQ",0.172081336953605,"801"
"4757","KWT",0.613111508512779,"801"
"4758","MDG",0.843795612857093,"801"
"4759","MMR",0.61258277848238,"801"
"4760","SGP",0.157805821654826,"801"
"4761","SOM",0.680162226110586,"801"
"4762","LKA",0.785299818139813,"801"
"4763","TWN",0.154709143658558,"801"
"4764","TZA",0.871370073164309,"801"
"4765","TLS",0.72608317142363,"801"
"4766","VNM",0.351422855008895,"801"
"4767","YEM",0.6019286458433,"801"
"4768","SLB",0.758982554585967,"801"
"4769","BRA",0.813632044347247,"801"
"4770","COL",0.876502145024122,"801"
"4771","CRI",0.557583288901055,"801"
"4772","DOM",0.324708266040759,"801"
"4773","GUF",0.673719319803766,"801"
"4774","GIN",0.159509716242332,"801"
"4775","GUY",0.248841968150455,"801"
"4776","HTI",0.182405671034228,"801"
"4777","PAN",0.814910143881149,"801"
"4778","SUR",0.72783299907151,"801"
"4779","VEN",0.386820335383865,"801"
"4780","BHS",0.740245655221201,"811"
"4781","CUB",0.900449232273122,"811"
"4782","DOM",0.283671416213348,"811"
"4783","HTI",0.182763670322769,"811"
"4784","JAM",0.0471945975429596,"811"
"4785","MEX",0.802415226592351,"811"
"4786","BRN",0.0580680856956099,"811"
"4787","CHN",0.183318369052214,"811"
"4788","KEN",0.399576053472969,"811"
"4789","MMR",0.507500388826854,"811"
"4790","LKA",0.816797595041687,"811"
"4791","TWN",0.16007039073362,"811"
"4792","TZA",0.896824498438802,"811"
"4793","TLS",0.128874837605464,"811"
"4794","VNM",0.321854397360612,"811"
"4795","SLV",0.161432258079893,"811"
"4796","KHM",0.11814191709345,"811"
"4797","CHN",0.18504756295259,"811"
"4798","JPN",0.189327660170628,"811"
"4799","KOR",0.283813797932175,"811"
"4800","OMN",0.145977917648837,"811"
"4801","SGP",0.119635123070281,"811"
"4802","SOM",0.694367079242161,"811"
"4803","TWN",0.158263200351822,"811"
"4804","THA",0.211083466942905,"811"
"4805","TLS",0.139577704211224,"811"
"4806","YEM",0.638577318892381,"811"
"4807","BGD",0.696010564510182,"811"
"4808","BRN",0.169576283116742,"811"
"4809","KHM",0.168682035664294,"811"
"4810","CHN",0.197344032660962,"811"
"4811","DJI",0.135531933205858,"811"
"4812","EGY",0.267828863581536,"811"
"4813","IND",0.59932428245591,"811"
"4814","IRN",0.372288002530142,"811"
"4815","IRQ",0.171519691689817,"811"
"4816","KWT",0.680058683015856,"811"
"4817","MDG",0.88693212328662,"811"
"4818","MMR",0.612354967180741,"811"
"4819","SGP",0.134372225826384,"811"
"4820","SOM",0.696132564704349,"811"
"4821","LKA",0.800744580327614,"811"
"4822","TWN",0.153191215546181,"811"
"4823","TZA",0.885555317023564,"811"
"4824","TLS",0.735213145027699,"811"
"4825","VNM",0.349408628165269,"811"
"4826","YEM",0.639076650277978,"811"
"4827","SLB",0.778466939456951,"811"
"4828","BRA",0.819854134760229,"811"
"4829","COL",0.86247896459624,"811"
"4830","CRI",0.587132169025542,"811"
"4831","DOM",0.295814645960423,"811"
"4832","GUF",0.67619305949488,"811"
"4833","GIN",0.133764529532228,"811"
"4834","GUY",0.254046450437926,"811"
"4835","HTI",0.176379357006485,"811"
"4836","PAN",0.859159987209174,"811"
"4837","SUR",0.737558158364858,"811"
"4838","VEN",0.350382721670653,"811"
"4839","BHS",0.742470501584624,"821"
"4840","CUB",0.866176694201591,"821"
"4841","DOM",0.308610518741167,"821"
"4842","HTI",0.210061634881701,"821"
"4843","JAM",0.0745213054849015,"821"
"4844","MEX",0.7729497776778,"821"
"4845","BRN",0.0823688444725933,"821"
"4846","CHN",0.226114953268115,"821"
"4847","KEN",0.357264028848034,"821"
"4848","MMR",0.517700233091882,"821"
"4849","LKA",0.743300123939612,"821"
"4850","TWN",0.177521540666793,"821"
"4851","TZA",0.848942479175681,"821"
"4852","TLS",0.166212058189661,"821"
"4853","VNM",0.365485125114047,"821"
"4854","SLV",0.198789571312802,"821"
"4855","KHM",0.14872639773919,"821"
"4856","CHN",0.224863864790051,"821"
"4857","JPN",0.218579550239976,"821"
"4858","KOR",0.31683141532514,"821"
"4859","OMN",0.159997339512153,"821"
"4860","SGP",0.1645458270639,"821"
"4861","SOM",0.640955575998854,"821"
"4862","TWN",0.175970176079008,"821"
"4863","THA",0.238426278579009,"821"
"4864","TLS",0.176895007987769,"821"
"4865","YEM",0.556057251794605,"821"
"4866","BGD",0.640444256881483,"821"
"4867","BRN",0.215114823444739,"821"
"4868","KHM",0.200588018647044,"821"
"4869","CHN",0.240669400022533,"821"
"4870","DJI",0.159566709561445,"821"
"4871","EGY",0.318172525795983,"821"
"4872","IND",0.534016694184084,"821"
"4873","IRN",0.391509299118038,"821"
"4874","IRQ",0.183148635636344,"821"
"4875","KWT",0.578377172046034,"821"
"4876","MDG",0.814842732381182,"821"
"4877","MMR",0.588973217066438,"821"
"4878","SGP",0.181836040444136,"821"
"4879","SOM",0.644602852384393,"821"
"4880","LKA",0.740939917159708,"821"
"4881","TWN",0.183169608462967,"821"
"4882","TZA",0.835659462704596,"821"
"4883","TLS",0.674715881105005,"821"
"4884","VNM",0.367563352699508,"821"
"4885","YEM",0.562298183193257,"821"
"4886","SLB",0.742214962885252,"821"
"4887","BRA",0.776822781644149,"821"
"4888","COL",0.848686932129279,"821"
"4889","CRI",0.49665676350554,"821"
"4890","DOM",0.31327164022596,"821"
"4891","GUF",0.645438267091946,"821"
"4892","GIN",0.202511694560188,"821"
"4893","GUY",0.328524627215706,"821"
"4894","HTI",0.199573991252752,"821"
"4895","PAN",0.796764376776462,"821"
"4896","SUR",0.703885504641323,"821"
"4897","VEN",0.397701181849082,"821"
"4898","BHS",0.745176419316874,"831"
"4899","CUB",0.877331386365986,"831"
"4900","DOM",0.302654662511493,"831"
"4901","HTI",0.217922040071568,"831"
"4902","JAM",0.0765387202719287,"831"
"4903","MEX",0.78193585522042,"831"
"4904","BRN",0.0863768776787271,"831"
"4905","CHN",0.221696829641214,"831"
"4906","KEN",0.415426604019808,"831"
"4907","MMR",0.517674231607038,"831"
"4908","LKA",0.773147252883181,"831"
"4909","TWN",0.164048198964836,"831"
"4910","TZA",0.87210534669054,"831"
"4911","TLS",0.182661850717533,"831"
"4912","VNM",0.34151622039899,"831"
"4913","SLV",0.180298955044115,"831"
"4914","KHM",0.141785271176114,"831"
"4915","CHN",0.22192395860911,"831"
"4916","JPN",0.203950969816461,"831"
"4917","KOR",0.305421109346682,"831"
"4918","OMN",0.151521526296897,"831"
"4919","SGP",0.156557773409041,"831"
"4920","SOM",0.662983677313943,"831"
"4921","TWN",0.155992637947328,"831"
"4922","THA",0.22256826832725,"831"
"4923","TLS",0.197823271105459,"831"
"4924","YEM",0.594496260310723,"831"
"4925","BGD",0.669694632161854,"831"
"4926","BRN",0.211860645637683,"831"
"4927","KHM",0.188571216930433,"831"
"4928","CHN",0.235161789081668,"831"
"4929","DJI",0.165582992913979,"831"
"4930","EGY",0.281470145046836,"831"
"4931","IND",0.529954525825163,"831"
"4932","IRN",0.368688745640925,"831"
"4933","IRQ",0.196713291843326,"831"
"4934","KWT",0.590764812890054,"831"
"4935","MDG",0.828551747463656,"831"
"4936","MMR",0.586933946279494,"831"
"4937","SGP",0.171487619027779,"831"
"4938","SOM",0.675904184299333,"831"
"4939","LKA",0.760042892979948,"831"
"4940","TWN",0.157277507087226,"831"
"4941","TZA",0.863422896984697,"831"
"4942","TLS",0.712587187257699,"831"
"4943","VNM",0.349220010259669,"831"
"4944","YEM",0.603999252900902,"831"
"4945","SLB",0.754157939959455,"831"
"4946","BRA",0.791211947210512,"831"
"4947","COL",0.851148952630105,"831"
"4948","CRI",0.526576012354213,"831"
"4949","DOM",0.315748773728298,"831"
"4950","GUF",0.671538920878691,"831"
"4951","GIN",0.181804036373666,"831"
"4952","GUY",0.293748449634148,"831"
"4953","HTI",0.208891088567926,"831"
"4954","PAN",0.817428929007767,"831"
"4955","SUR",0.730337644903302,"831"
"4956","VEN",0.36731250045711,"831"
"4957","BHS",0.750714440862256,"839"
"4958","CUB",0.913768290450879,"839"
"4959","DOM",0.288985740585718,"839"
"4960","HTI",0.183831929875015,"839"
"4961","JAM",0.0439126412611013,"839"
"4962","MEX",0.837483759801044,"839"
"4963","BRN",0.0501745555043815,"839"
"4964","CHN",0.181327580420259,"839"
"4965","KEN",0.442350731878648,"839"
"4966","MMR",0.5202899370286,"839"
"4967","LKA",0.862077667190145,"839"
"4968","TWN",0.133086007948742,"839"
"4969","TZA",0.904727547033135,"839"
"4970","TLS",0.123888857970518,"839"
"4971","VNM",0.301278827817544,"839"
"4972","SLV",0.134249687811949,"839"
"4973","KHM",0.114171310537639,"839"
"4974","CHN",0.183404669640071,"839"
"4975","JPN",0.154674475723978,"839"
"4976","KOR",0.279149718325563,"839"
"4977","OMN",0.125955943389436,"839"
"4978","SGP",0.100130545797534,"839"
"4979","SOM",0.735198683460849,"839"
"4980","TWN",0.131318595910288,"839"
"4981","THA",0.195560982599645,"839"
"4982","TLS",0.139204742551268,"839"
"4983","YEM",0.6507265331503,"839"
"4984","BGD",0.724458865291922,"839"
"4985","BRN",0.160573721857048,"839"
"4986","KHM",0.162037908181958,"839"
"4987","CHN",0.20683028468763,"839"
"4988","DJI",0.130859317046045,"839"
"4989","EGY",0.235241702288689,"839"
"4990","IND",0.592195277035053,"839"
"4991","IRN",0.371462054272771,"839"
"4992","IRQ",0.180658224953619,"839"
"4993","KWT",0.65390971134937,"839"
"4994","MDG",0.889396049908173,"839"
"4995","MMR",0.673557227470148,"839"
"4996","SGP",0.120458003390304,"839"
"4997","SOM",0.739364062495272,"839"
"4998","LKA",0.846138858158017,"839"
"4999","TWN",0.137333911954377,"839"
"5000","TZA",0.892350203821457,"839"
"5001","TLS",0.763883887747938,"839"
"5002","VNM",0.33367216483449,"839"
"5003","YEM",0.64586619707316,"839"
"5004","SLB",0.764431666236665,"839"
"5005","BRA",0.842469799359375,"839"
"5006","COL",0.882071861608555,"839"
"5007","CRI",0.642834865230363,"839"
"5008","DOM",0.304737734469974,"839"
"5009","GUF",0.714927487625265,"839"
"5010","GIN",0.127724997337414,"839"
"5011","GUY",0.242881299101861,"839"
"5012","HTI",0.173478534692291,"839"
"5013","PAN",0.87077460333126,"839"
"5014","SUR",0.745020252832111,"839"
"5015","VEN",0.36321364928521,"839"
